39.176
67.3699
78.4988
104.672
95.7861
158.199
71.931
157.844
144.193
84.6094
48.0457
59.9138
110.095
130.466
52.0337
116.466
119.398
102.12
134.959
87.1322
123.714
23.071
75.378
22.118
155.381
137.151
74.6771
123.976
83.4563
58.3627
152.179
74.3128
67.428
33.5198
42.98
74.0682
116.704
73.9593
47.0737
62.1301
75.0913
82.9936
86.5329
74.3491
150.532
177.339
63.433
30.5678
125.616
126.988
41.679
52.9667
14.1089
53.2444
45.7542
62.9285
75.6467
76.716
136.005
117.352
27.1514
144.887
63.8791
87.1926
60.0119
39.6893
103.266
127.664
6.61451
56.1485
128.234
47.3158
212.772
51.9718
44.2529
151.797
43.8086
48.5773
172.781
125.285
25.7118
96.4727
59.0995
53.0891
20.016
56.333
99.1159
119.211
77.0214
119.931
138.091
81.8691
103.216
35.1046
29.0037
205.094
56.6146
72.0722
120.226
35.3654
62.7672
42.5351
99.3714
49.5165
26.9311
71.2783
89.0374
52.3261
104.655
131.507
107.283
89.8799
33.8738
22.5228
65.2614
182.438
78.5399
94.9878
72.4293
31.733
88.1145
54.5092
52.3
197.361
100.935
70.1288
93.3501
111.854
89.5514
83.452
128.272
59.3889
37.1503
67.2794
97.991
35.5389
111.854
68.1837
54.999
149.772
46.2351
69.0417
99.0446
38.6565
39.9965
138.282
38.3178
143.696
111.976
75.5642
95.7842
111.916
31.1461
52.5675
76.093
17.8712
123.85
161.745
60.6119
89.4994
35.0603
33.5116
21.459
32.1485
39.9951
89.5924
71.1134
144.087
112.146
43.1192
176.687
118.901
68.6966
126.835
90.5239
128.527
98.7846
78.9105
95.6255
140.823
23.0375
45.7728
94.7686
104.881
132.972
57.6921
83.4318
120.448
55.8127
109.352
94.6484
143.282
104.308
110.871
26.5965
57.5266
29.3495
90.9307
23.3662
132.863
36.4003
74.3746
74.7421
179.036
126.217
80.7935
97.1389
152.536
92.3223
29.0594
160.321
144.698
85.9122
77.2929
38.5129
136.627
79.7187
78.2571
41.3748
130.746
94.5891
109.363
139.225
145.554
107.06
86.7742
94.2731
119.884
158.996
88.7196
18.4698
10.4724
50.1515
35.9814
64.8124
10.9293
134.071
100.172
69.9149
123.316
147.608
117.619
119.453
55.8166
140.825
92.3478
40.9886
144.96
131.645
40.7135
182.765
73.4628
142.461
84.7559
143.575
167.148
114.562
69.7261
118.493
43.499
63.0954
26.8897
104.732
66.8285
43.6694
191.563
99.8064
39.0458
128.043
60.7982
62.299
111.097
72.002
127.008
87.0108
95.2973
83.0284
185.475
80.9813
129.218
154.288
30.2676
85.2665
149.335
151
175.75
129.672
132.492
88.435
129.8
98.3168
20.9253
117.243
97.1643
65.7681
166.686
160.802
56.499
58.6469
101.705
182.425
70.8417
104.199
48.9369
38.968
160.46
81.8116
70.7892
31.9906
70.3774
52.2523
185.59
57.5666
37.9424
108.738
38.7033
157.34
75.4122
11.458
115.378
173.451
28.0271
129.499
140.159
101.928
60.3806
64.4688
54.3917
113.98
116.964
34.5268
89.075
130.298
54.1815
50.4633
49.8974
95.2172
77.4197
112.534
88.9976
70.038
123.222
129.191
72.5853
46.1144
131.968
40.4196
93.5554
45.3001
146.106
143.788
59.654
105.005
71.9008
130.339
137.18
159.037
146.069
69.5335
84.0939
117.84
86.5501
77.2643
33.6155
125.449
70.045
120.379
66.0863
77.5615
44.8709
128.602
109.826
26.8429
99.3075
78.6212
140.582
108.482
19.6535
66.1987
71.0668
127.173
70.8135
38.4566
133.844
79.0025
172.49
37.4411
36.0131
118.04
69.181
98.3898
43.2064
71.692
49.3763
55.1827
142.184
40.4619
87.3337
95.7817
123.722
124.397
92.7557
82.3564
128.856
111.037
113.298
108.824
68.8601
35.0474
98.2103
169.992
22.6924
122.399
73.0485
50.8234
21.2743
129.762
186.471
40.648
152.647
140.617
109.107
85.0153
68.3615
31.3201
87.6338
93.3868
23.4788
56.0678
88.612
10.9388
160.083
115.887
34.295
66.5881
124.892
55.4832
46.4514
102.462
58.6519
72.09
87.1202
86.3562
82.9686
78.0611
83.2952
161.526
81.1435
145.989
78.2674
113.516
64.097
78.2502
88.8047
112.622
130.653
81.0801
39.7667
152.158
97.4665
89.1329
183.542
102.652
76.9221
68.7013
97.9177
67.719
49.7715
38.3358
149.565
35.3884
90.6947
82.4616
59.9004
108.637
169.182
123.966
131.247
45.5261
84.9947
145.804
141.589
27.204
70.7527
145.404
73.4143
27.1751
24.9931
65.816
106.352
51.8746
132.014
103.645
183.214
117.235
109.155
98.2338
97.6648
90.2106
35.7397
101.235
140.274
123.287
87.5156
91.4397
111.35
43.7103
148.265
38.562
100.275
178.143
147.28
134.563
61.7906
49.0333
118.227
90.8049
66.2919
151.257
152.865
52.5867
113.26
62.1114
96.9619
38.2691
86.5273
8.64645
35.6356
91.1049
47.89
133.842
36.4075
59.0775
121.762
44.8611
162.81
91.6537
36.2404
73.6089
133.551
36.6197
118.366
165.05
130.969
93.4737
86.2527
128.785
37.9655
124.951
34.7757
106.581
76.3598
54.7783
144.505
66.3782
117.903
128.723
142.082
43.469
151.51
156.794
16.4382
68.4574
101.983
146.199
87.6839
44.5869
76.6486
101.206
51.4561
97.4847
34.1178
43.24
127.888
101.305
123.638
129.61
47.6276
40.1364
134.106
111.354
131.266
108.095
107.357
108.904
97.9652
83.5298
98.1169
67.7312
77.9929
24.6792
63.8332
137.035
63.5093
40.8465
67.6109
45.7992
75.2223
111.498
139.467
146.682
178.047
57.7427
31.7041
99.8562
79.3251
27.7098
123.285
56.142
139.57
89.279
137.772
80.5633
76.8988
108.969
34.7665
108.814
93.0928
81.8688
149.949
79.7539
81.2145
116.8
97.2555
138.179
42.4865
64.6419
88.5484
96.2398
156.575
32.9485
71.1222
26.0594
116.389
102.107
116.364
30.6238
90.2644
96.5929
14.834
94.1759
65.7287
73.5865
119.384
157.275
66.3293
61.5368
109.25
34.3339
9.0118
71.5971
142.658
160.459
76.6558
112.399
113.636
109.618
27.931
70.4387
199.487
222.985
125.104
77.5609
24.6126
31.4744
154.278
111.494
63.7315
60.0827
104.361
86.7853
162.12
39.2276
167.475
119.165
119.885
177.404
62.6881
38.8787
51.265
76.1827
27.0385
141.752
74.264
77.1496
132.179
65.8121
42.2527
49.4343
19.4736
64.2133
56.6049
71.9392
86.9217
115.028
102.406
137.114
131.489
123.737
28.9612
89.1099
123.273
118.299
83.0345
116.735
111.624
58.1224
49.7866
12.7816
143.261
89.6293
48.8478
126.516
68.198
72.6828
38.4606
23.4048
134.891
72.6597
83.0924
67.3032
109.032
57.5686
46.2438
38.278
42.0857
126.224
83.5601
95.6269
152.444
125.557
54.5566
38.0078
110.419
57.4929
142.328
78.7195
100.986
29.8085
164.235
105.675
66.0393
133.59
68.7019
122.023
132.384
54.9058
159.935
62.514
90.0252
50.9725
191.041
125.656
95.7969
78.4211
82.3237
28.6898
118.327
106.362
44.7716
54.6381
118.21
34.4352
58.3564
110.876
82.9395
23.4443
160.598
122.731
58.3386
181.807
120.785
135.408
71.9963
27.6465
128.965
82.8416
98.7102
112.497
48.9569
116.143
136.736
58.5423
126.221
59.4629
105.293
89.4316
194.45
61.9692
153.076
64.512
63.3527
102.758
123.364
134.772
85.6807
96.8266
95.7325
38.6743
118.746
63.572
81.8128
135.333
69.6777
101.494
107.909
69.983
60.1014
94.8973
161.968
134.096
45.0017
89.5561
106.322
36.4797
92.2026
119.288
151.394
145.135
106.64
194.452
28.7285
91.4662
96.2243
16.0303
96.2703
68.9635
126.823
122.938
50.4812
157.787
34.6229
99.0032
170.58
48.4147
48.1938
142.993
58.5298
17.286
95.9034
42.9622
89.237
101.189
123.977
71.7373
154.075
100.068
28.7738
153.048
20.9603
121.716
92.5152
37.1861
113.833
75.8717
112.75
149.877
50.856
145.266
16.3643
129.55
113.645
145.155
178.068
62.9798
81.2368
197.41
75.1107
52.3638
138.219
71.3752
17.3288
37.2179
50.3844
131.395
75.5702
109.114
172.583
55.7166
85.4908
33.1178
124.951
98.4217
25.2657
92.4091
119.653
73.7297
191.496
54.9308
185.403
172.312
57.0234
42.3129
87.7894
117.006
38.2656
69.0484
135.039
71.9103
81.4441
56.9902
70.2225
90.139
27.835
125.495
21.5018
128.764
115.038
73.5059
58.8119
38.0677
80.3843
85.6174
103.679
90.0245
75.0394
128.848
83.4834
35.0876
57.3807
162.372
82.0477
72.2627
36.4283
55.6499
54.5609
110.917
95.9403
55.8285
55.0191
43.011
136.806
141.335
32.3978
69.0134
53.124
27.633
54.9087
58.1103
181.663
9.65434
38.6185
61.4823
109.028
107.673
63.1599
103.005
71.7043
30.3072
91.8807
80.9277
167.342
134.423
87.7604
88.521
77.9728
111.718
100.864
91.284
143.052
77.4923
116.422
58.5151
34.8366
107.485
147.561
62.9909
56.7874
66.4697
167.456
154.77
85.9608
83.9464
131.185
58.3809
61.864
117.909
67.2421
84.5482
47.9646
105.65
85.7466
131.58
29.1474
139.121
93.5477
73.9878
15.8624
204.702
67.7753
35.199
119.159
80.4032
92.0929
85.0614
124.781
94.0416
99.6613
96.6739
55.7206
63.0727
58.5151
42.3785
45.0058
69.3617
110.263
88.9584
91.9034
115.213
121.062
113.704
125.212
61.8469
56.1574
161.73
109.896
84.5652
76.5846
101.153
33.9241
55.1595
94.8827
73.6759
40.7315
54.1814
104.275
151.99
107.357
105.668
124.35
121.014
74.8883
164.094
77.2642
30.3952
144.771
51.596
83.7658
146.409
72.7269
50.2465
102.908
77.5523
68.3393
76.7209
47.9877
94.7046
71.0918
58.6104
114.083
60.8851
87.8484
154.67
172.007
141.907
41.6193
24.3129
36.0151
98.5125
48.669
125.454
160.051
103.277
88.258
85.5399
91.5314
145.86
97.0538
75.9025
70.1716
118.688
152.51
107.599
87.8024
141.093
125.672
59.8603
176.43
154.806
73.345
113.874
120.163
55.6525
37.7915
153.717
98.056
29.0517
141.48
155.946
40.4264
137.898
73.353
90.3907
173.781
110.308
125.646
55.1408
45.4499
76.3254
134.355
46.1661
40.5758
67.85
58.3765
44.5994
145.07
91.8433
132.171
93.58
42.3267
81.6666
110.377
140.559
20.8653
130.275
93.0246
65.4207
58.3343
52.1611
132.219
136.561
117.323
62.2603
90.1942
14.6978
141.006
101.174
118.286
108.97
62.5698
80.4924
98.6801
93.159
57.3125
93.3707
116.345
89.9823
166.709
51.7891
123.923
150.951
174.1
100.449
70.0593
52.8796
11.5826
24.5246
145.391
188.049
64.2162
142.024
106.194
86.8214
141.21
169.526
53.2827
155.88
149.936
44.1206
43.7949
67.5924
74.1159
111.47
128.595
113.093
45.3422
99.9168
113.485
65.1829
2.00289
87.4892
7.88202
70.6629
29.7471
97.9054
141.984
43.967
104.183
54.2878
127.127
172.28
98.1329
203.955
19.0297
80.5924
111.814
160.726
152.495
117.267
70.4994
67.8727
111.217
157.617
31.5969
62.6811
83.3709
164.059
76.7816
70.4357
134.401
96.34
124.897
26.608
128.305
81.5942
131.898
133.537
75.4655
117.643
167.881
89.4237
82.2578
112.126
117.428
117.133
70.5021
129.997
101.526
73.4073
185.71
197.992
40.3865
124.016
58.7516
70.4622
67.67
113.595
126.701
77.5389
159.49
87.647
119.092
61.0227
102.267
56.2925
7.51785
73.4819
140.212
139.565
131.493
148.119
87.8258
64.5927
121.053
47.3595
71.0928
93.7391
31.5536
94.9699
209.247
43.6363
144.051
149.693
117.376
145.592
125.682
111.839
156.568
38.3373
95.644
80.705
122.307
146.423
69.6166
87.4307
52.5509
27.3364
37.5443
22.0706
73.9082
24.6549
106.661
43.7353
134.332
74.3101
124.377
87.3451
122.106
120.345
91.3603
51.0179
55.5481
35.3814
57.4503
102.245
128.026
73.303
81.079
54.8496
77.0482
119.459
19.6213
52.7505
70.8121
34.686
42.736
90.3273
128.17
87.465
103.174
89.6369
44.9806
65.6716
167.415
115.317
170.4
79.7703
140.298
97.722
147.868
72.3056
51.5524
79.1688
15.5612
62.2917
102.306
131.636
141.778
106.627
88.5496
184.576
144.123
85.1667
35.6856
49.9072
86.4021
111.595
160.116
66.6081
67.5149
80.8313
61.7391
42.2019
47.3268
118.538
76.886
94.6004
90.7604
63.7188
71.5993
73.3814
54.3779
115.868
159.548
21.2297
81.9136
106.51
31.6414
158.458
98.1751
136.226
43.851
59.2165
102.384
51.9376
120.822
179.23
73.5476
120.29
48.6923
95.0764
23.8728
121.656
35.9313
50.8143
40.2621
28.3449
75.806
143.05
103.266
93.7891
118.397
84.0348
59.5011
137.308
112.256
30.9234
74.7521
147.392
32.3089
23.394
45.8897
122.378
76.1569
107.027
89.5823
128.035
111.851
44.4426
98.309
83.1131
43.6275
78.6084
73.694
62.1663
36.1683
135.674
109.459
115.357
66.4037
73.0869
81.7103
136.996
116.617
33.4506
51.016
50.725
124.739
39.6132
73.0383
55.4251
150.486
172.942
49.0032
142.147
130.038
168.285
66.4735
127.771
103.82
64.1953
74.0188
139.961
71.2077
99.7304
51.323
96.6038
35.467
97.2564
30.5674
80.101
129.002
159.906
56.4305
31.6234
102.125
38.1559
26.8506
144.521
103.863
34.0059
26.9787
18.5628
99.2413
161.593
114.409
127.179
60.594
44.64
130.535
51.7536
56.1044
94.3978
75.1436
90.4738
154.964
60.7648
91.1788
157.357
88.8018
19.747
100.177
136.914
161.445
83.8511
40.3617
26.7615
139.975
148.397
87.5939
25.3535
53.3018
91.5469
141.126
156.011
35.1072
55.0474
140.035
47.6708
14.5583
48.6304
50.7943
32.2823
73.1751
141.198
50.6002
67.5676
61.2419
101.468
47.4994
26.1758
162.495
177.693
85.045
134.926
86.6655
122.743
47.9486
126.266
67.9196
129.845
136.542
68.164
66.4919
137.675
134.996
69.5475
84.5181
56.83
178.599
91.9477
166.134
45.6841
91.4752
33.4573
137.109
109.752
125.364
102.346
73.2875
90.3711
39.9049
138.841
48.5812
133.496
92.264
46.7374
124.727
62.4309
64.0545
84.6251
109.734
140.15
157.199
75.9447
72.3617
75.9149
99.307
52.1991
55.9098
117.991
83.0085
67.993
84.7826
60.0046
147.489
113.108
28.9947
41.0106
66.142
102.801
22.3332
125.899
107.836
22.7784
55.1374
118.367
71.0378
120.631
63.0715
74.0505
118.713
133.663
146.653
124.207
115.626
62.1262
107.137
57.9424
131.761
18.9806
149.094
145.67
63.847
70.76
82.7254
61.5767
143.159
108.942
59.1152
42.4705
114.186
113.099
124.94
124.863
63.304
52.0066
147.206
30.2482
128.794
60.5106
106.17
39.9818
79.4558
187.864
59.1703
168.208
133.12
120.698
102.414
85.7681
63.076
126.698
91.1218
111.214
138.367
70.8559
22.7532
173.263
164.476
92.0823
98.3438
56.7042
104.118
105.103
93.5765
18.4505
77.5722
99.9692
119.63
139.886
132.011
168.904
80.3093
111.583
90.8224
21.4322
77.8719
91.4217
60.8354
119.071
81.2261
181.316
36.4358
132.997
37.7446
71.5861
140.819
100.901
68.6898
26.3573
158.831
62.203
62.0347
79.3343
87.4447
20.5109
57.2493
28.6724
28.8773
60.6818
100.734
126.569
86.4991
67.7755
110.12
43.9637
87.7712
71.74
21.2275
128.563
46.0363
88.6119
113.136
107.308
132.929
166.773
93.8021
108.162
146.238
136.383
89.4474
73.1358
119.428
59.0137
27.8035
61.5366
162.849
43.1953
124.323
76.0721
171.249
73.0867
142.208
155.769
102.173
149.437
120.807
30.4495
78.6927
94.7878
56.3247
45.1962
44.6572
114.785
108.333
69.8742
204.999
22.8986
111.818
107.243
159.287
113.555
87.8031
111.869
131.435
68.2367
58.4024
67.0881
132.789
170.317
172.49
152.711
69.1498
21.1974
69.5566
136.611
58.113
87.6458
128.453
106.249
97.555
60.2595
60.4125
46.3223
124.909
113.715
110.712
81.117
117.044
152.761
47.9407
79.8026
118.367
58.7057
50.0651
89.4065
125.117
116.48
60.2468
95.8326
164.963
102.791
131.911
70.9255
44.8728
36.9441
160.845
163.499
95.9718
21.3528
101.338
47.2397
157.96
122.003
149.822
50.4677
87.9892
118.836
29.9749
84.7732
101.443
109.615
48.4515
163.133
121.994
113.528
121.987
102.824
109.888
46.4569
177.562
40.1738
64.9981
106.778
102.645
66.3451
53.9433
80.5284
102.647
140.588
156.803
108.418
47.754
98.6528
70.2236
41.9195
37.9674
23.79
152.279
46.8759
141.893
79.0494
50.9174
115.203
135.185
124.333
71.6497
88.5408
111.199
104.646
46.1158
73.9441
51.5428
69.8946
93.535
145.256
137.324
128.552
48.3482
39.9895
106.448
47.0833
149.874
109.956
50.9559
41.3381
101.542
80.5287
73.7317
46.8245
63.0988
145.667
57.0935
83.3903
72.5111
17.3916
64.5324
121.603
83.7967
49.8825
39.2319
118.406
80.2535
118.178
77.2074
93.3069
122.935
48.4947
131.088
88.5171
22.0414
100.199
124.366
118.362
156.494
130.309
129.105
50.6615
126.13
46.8051
48.5784
158.833
114.262
16.9083
41.8912
76.3194
29.0292
140.772
84.1483
43.2226
83.7629
127.755
173.623
84.2791
116.454
39.0215
121.739
55.9063
137.232
190.441
59.8358
67.45
47.2646
56.887
37.0973
138.044
173.85
93.3452
127.784
89.0232
34.7088
90.3643
79.5815
64.3413
55.1253
111.282
95.4145
167.179
69.8532
54.1959
53.9573
93.7491
144.316
125.287
131.145
91.969
36.2527
62.0498
42.6819
91.8684
102.37
92.8291
126.547
60.7496
28.8978
114.315
60.8212
62.5684
48.8902
22.1435
154.739
175.294
123.579
146.731
117.581
77.1331
112.283
28.5185
106.133
88.8079
54.2677
135.286
89.3219
112.67
91.5152
67.2337
25.1587
164.979
143.71
75.9667
123.986
40.2626
46.1817
64.2425
59.9968
77.6724
111.783
153.35
94.2287
104.123
117.558
16.5387
104.839
45.0699
81.6882
66.2857
105.517
176.607
42.4369
99.9153
139.161
117.164
92.5544
118.161
50.7752
61.0665
62.1713
127.474
69.1255
30.536
98.6621
35.8205
47.6179
66.837
106.686
106.105
70.5342
106.247
50.9532
61.378
84.5678
30.5329
100.682
47.7217
152.797
133.447
93.061
42.6514
62.0059
17.9239
60.4594
113.242
107.428
33.4302
124.302
32.334
70.904
105.724
76.3693
102.615
8.19995
13.3902
70.5204
39.5497
59.6833
53.6439
90.0551
89.4498
33.2483
94.7581
64.0388
43.484
71.5747
21.0195
71.7245
144.976
32.9767
29.8403
52.857
86.9004
165.466
46.0853
38.614
130.366
103.128
48.899
124.432
59.3975
188.694
52.7311
57.4993
40.5495
50.3691
91.021
128.932
41.0014
96.465
49.7075
124.514
153.221
31.6922
82.5597
107.391
27.5115
139.345
89.3677
129.962
89.3373
100.771
70.0349
100.852
130.173
86.2743
65.9538
48.0194
73.0534
36.2512
119.191
156.322
104.936
14.4877
71.8915
103.962
121.958
77.724
118.193
114.299
78.6299
169.407
36.6183
132.616
142.88
53.3632
63.0283
31.8934
90.4687
44.8523
19.5952
91.5431
93.4212
146.703
64.7103
127.34
86.5924
34.9232
109.276
50.8476
68.9041
114.461
61.4135
89.9299
101.903
143.803
69.9313
74.0079
102.258
106.225
92.8498
120.745
62.2321
116.197
117.698
164.133
73.4882
134.592
60.0895
40.5635
159.304
87.1264
129.19
144.054
39.9115
61.5359
62.1351
73.4359
91.1919
78.0582
32.3439
124.751
72.5702
55.7963
105.611
14.5872
41.0693
77.0962
87.537
61.5469
112.226
132.223
109.441
102.039
72.0472
121.104
33.0153
41.8504
162.601
141.491
79.8523
66.1079
100.466
141.411
51.9834
104.471
128.896
113.548
154.86
100.739
67.7203
113.941
82.6315
126.881
66.5688
125.904
137.612
111.251
83.2342
122.142
178.729
108.765
80.6364
132.75
12.6848
166.706
160.951
107.673
52.1477
44.0534
68.1369
62.7938
148.75
73.0224
165.961
157.843
128.517
19.1244
84.2667
58.0126
117.811
48.2695
157.403
130.36
121.182
24.1625
118.526
101.832
68.2163
85.4791
101.989
55.5984
160.37
163.349
67.2647
118.009
179.868
153.741
83.0167
164.641
71.9064
172.052
46.7794
117.263
128.836
156.319
77.3913
88.9555
81.7944
101.413
156.437
50.4345
151.35
80.5053
62.0836
62.7512
90.3026
83.6096
88.178
39.3765
94.397
134.043
139.704
154.185
87.1711
160.833
166.257
33.3518
106.75
105.692
81.626
146.161
77.7041
138.464
77.9839
24.637
69.7418
121.627
74.8551
137.428
117.147
136.899
113.145
95.7958
6.0891
105.266
108.324
12.7763
88.6014
40.873
39.3359
125.962
33.0746
100.576
156.31
69.4951
104.725
47.3719
21.6792
43.1043
50.7714
153.487
81.6059
88.9337
88.5383
59.1356
169.053
63.3968
95.8697
49.0086
111.645
161.552
129.015
79.0951
71.5804
56.1967
153.57
87.5737
53.9783
35.169
49.549
66.0026
54.3668
72.5567
39.3796
105.374
121.297
168.82
69.3546
44.2883
96.376
86.8393
121.18
108.932
131.506
23.3475
188.57
121.787
73.9095
35.598
57.1868
74.3062
146.143
28.3887
140.417
136.027
77.261
40.0461
34.6725
125.95
73.6052
145.945
78.6722
155.246
136.168
187.417
167.15
120.356
122.74
57.2964
120.045
78.6712
59.2622
28.6619
83.4307
66.5119
72.2239
117.715
98.852
112.786
71.7103
83.887
94.1532
111.28
123.18
81.2656
62.303
16.2259
99.4251
112.912
97.6452
123.187
124.656
36.2398
170.59
135.797
98.6963
36.5709
82.2968
70.3853
116.038
83.0017
101.387
115.983
47.6245
57.9516
109.969
68.9758
146.677
81.1519
47.6249
87.4861
76.6856
133.27
139.837
63.0577
135.456
140.186
41.877
38.5882
23.642
72.3688
76.9221
130.891
82.3724
94.6664
115.246
96.9025
121.613
129.89
141.12
87.2291
137.798
85.1942
11.5979
62.0396
148.536
32.3348
108.398
105.853
97.7098
39.83
50.3113
59.3373
125.385
92.4198
150.196
158.937
178.148
26.5976
traj_length_all 217191
