811.203
2674.43
2656.51
3540.99
2758.31
3064.07
2557.82
3092.94
2636.47
2359.46
2324.31
2349.55
3231.95
2608.22
4374.2
2534.71
3383.96
2661.18
3458.87
3462.03
2147.75
1814.84
2927.34
849.758
3108.54
2992.49
2994.96
3255.88
3258.14
3086.67
3429.5
3242.27
3576.61
1508.97
3008.13
2621.21
3690.02
2558.24
2601.13
2703.04
3236.71
2493.6
2549.08
1749.61
2876.57
3042.04
3660.26
2038.02
2289.21
3296.03
2679.02
3230.34
1496.22
2565.34
2057.1
2566.61
2321.78
2246.16
2947.73
2061.53
1693.42
3771.63
2243.31
2953.28
1447.19
1570.96
2659.65
3112.69
52.9389
3643.05
2891.9
2092.76
3635.38
1770.03
2673.96
2850.32
2766.5
3163.16
3427.04
2570.44
1613.34
3555.27
2923.04
2028.26
1170.25
2062.15
3135.48
2332.65
3457.16
3695.69
2707.67
3853.11
3303.99
2028.41
998.733
3346.44
2468.35
3027.2
2780.04
2614.66
2531.3
1725.11
2227.03
3650.5
2029.46
2801.57
3344.22
2915.06
2775.26
2666.32
1890.74
2699.06
1708.62
1309.34
2712.39
3841.15
2052.51
3218.64
1535.42
1589.11
3041.57
1910.2
3801.04
2948.67
3296.08
2226.04
2837.35
3013.96
3407.17
2553.36
2442.99
2552.59
1847.16
2332.56
1844.08
1158.03
2574.11
2926
3192.92
3515.64
1861.48
2603.45
3238.06
2101.34
2179.84
2689.56
3424.51
3216.65
2419.59
2732.64
2473.27
2290.17
2197.97
3151.54
2590.91
846.904
2866.79
3062.89
2895.15
2451.06
5128.95
1233
905.79
1215.73
2829.28
3774.55
4726.89
2984.78
2531.04
1416.12
3494.05
3523.17
2532.07
2439.4
3016.46
3782.86
2245.59
2536.61
2845.01
3348.7
920.652
1783.6
2118.48
2738.6
2977.82
2683.41
2498.58
3265.1
2052.6
2687.45
3455.3
2830.43
3367.97
2844.05
2472.85
2088.61
997.787
2346.04
832.478
3590.8
1826.16
2397.7
3523.82
3325.57
3148.9
3291.97
1904.14
2659.63
3084.37
1978.82
2927.6
2771.63
3390.33
2918.82
1712.22
3806.1
2913.08
2683.85
2105.69
3138.94
2450
2531.71
2718.51
2535.82
3252.58
3192.84
3499.95
2392.81
2862.29
3045.17
1348.98
609.74
2477.51
2099.5
6476.12
376.354
3605.49
2964.95
1886.43
3044.44
3289.78
2958.23
2876.68
2469.39
3098.93
2239.29
2550.61
4217.5
2336.76
1333.35
2841.33
2104.68
2704.05
3480.99
3561.49
3486.16
2424.59
1126.16
3746.58
2073.65
3612.68
1651.94
3711.7
2252.06
3854.65
3189.52
2461.55
2495.38
2839.95
3115.71
4203.92
2868.94
2997.64
2962.23
2619.69
2240.41
2888.03
2979.13
2383.26
2442.76
2783.83
2416.77
3848.79
3474.62
2790.98
2788.46
3041.82
3399.2
2244.07
3688.73
1998.95
1802.98
2258.61
2606.07
3250.36
3391.65
3191.22
1801.87
5151.41
2935.61
3465.53
3158.86
2666.23
3973.28
1715.37
3423.58
3232.18
3459.3
1505.61
2251
3786.3
3448.47
2650.48
1058.6
4244.97
2074.93
2876.44
2022.51
457.89
2869.96
2929.96
1476.22
2144.49
2754.63
3259.43
3562.66
3010.52
2116.84
2688.58
3209.47
1663.14
1533.86
3247.45
2518.82
2793.17
2391.45
2001.66
3715.76
3067.69
3109.24
2249.58
3375.58
2019.96
2313.64
4290.59
3021.36
2008.99
1968.68
1481.84
2870.96
2932.55
1672.67
3309.64
2028.95
3623.42
3802.13
3146.2
2253.9
1799.66
2996.34
3069.2
3039.66
2208.32
1296.58
3280.32
3563.82
2767.36
2512.48
2178.37
2741.77
2456.62
3171.95
1258.21
2943.48
2216.07
2435.17
2853.88
899.882
3178.05
2995.05
2456.53
3834.21
974.16
2665.09
4621.33
2799.02
4187.39
2963.77
2024.46
2794.28
2680.56
1190.97
2287.47
2563.66
3828.61
3529.57
1943.25
2698.26
3239.85
2506.92
2304.87
2415.07
2494.05
2546.71
3388.3
3326.41
2487.92
2785.95
2061.84
2592.21
3936.1
1054.71
2696.27
3260.69
2673.4
386.463
2739.08
3360.69
2956.32
2405.12
2559.76
4006.36
2677.27
2407.36
1014.73
2156.69
3213.36
1499.31
2590.29
2244.74
446.191
3378.04
2560.11
964.327
2911.87
2552.12
1785.75
2141.34
2573.42
2985.35
2331.34
2904.85
3968.8
3291.46
1962.63
3481.51
3043.07
2519.83
2965.19
3791.02
3333.43
2368.81
2589.95
2189.16
2552.96
3549.17
2276.92
2060.39
3407.19
2513.8
2504.71
3615.08
2698.88
2023.13
3459.37
2292.4
2864.29
2629.4
2782.55
4022.8
3102.88
2782.49
3099.64
1966.71
2987.91
3830.44
2516.71
3198.77
2706.03
1975.43
2949.31
2383.72
1094.16
2155.27
2589.94
2492.41
865.281
529.242
2412.83
2994.6
909.776
2549.49
2922.2
3910.79
2203.83
2950.75
2085.72
3428.47
2696.33
1903.5
3665.06
2821.43
2848.96
3371.95
2226.97
3476.03
1687.77
2808.44
2390.94
2781.08
3070.96
2960.93
2240.57
1667.45
3080.12
2747.25
2661.79
3624.09
2657.64
3779.12
1627.38
2337.16
2198.42
2620.72
1429.27
3208.91
382.711
1276.65
3658.42
1592.63
2928.97
2286.37
2319.97
2817.76
1778.86
3105.16
2197.75
1280.06
2273.17
2790.69
3302.96
2297.48
2879.95
2794.42
4162.7
2512.85
2877.62
2003.36
2557.64
2201.76
3898.83
2599.28
2497.86
3046.72
2959.13
3250.57
2683.73
2992.05
1552.74
3610.42
3679.27
226.25
2205.58
2591.96
2661.88
2636.83
2928.76
2465.83
3915.97
2448.55
2934.26
2339.06
1363.98
3005.42
2505.71
2654.23
3047.09
2935.1
2357.7
2610.96
3644.98
3216.19
3325.79
2202.46
3116.8
2554.38
2971.77
2717.07
2736.7
2712.39
950.047
2281.81
2906.9
1477.19
1138.35
2247.18
1472.98
3657.62
3979.49
2684.49
3685.64
3761.4
2204.47
810.15
2243.36
2404.83
805.4
2323.56
853.801
3403.91
3736.48
2949.14
2588.94
3205.38
4037.11
2415.18
3064.22
3070.07
3753.36
2730.81
2345.26
3759
3508.32
3033.37
2619.68
1715.8
2295.46
4223.77
3115.14
2454.9
2058.97
2134.24
1119.02
3346.03
3135.84
2662.34
1965.61
3063.13
2588.74
1160.82
3141.92
2945.38
3996.27
2008.14
3129.67
3156.9
2042.42
1663.48
1449.92
1171.62
2222
2570.94
3292.21
2603.82
2579.59
2936.61
2529.53
2547.98
2551.32
2777.84
51777.1
3198.56
2807.95
1707.32
2161.21
3451.37
2240.34
2478.6
2329.8
2803.75
3188.28
3434.42
2132.95
4708.36
2338.42
2275.99
3086.5
2953.66
1757.15
2846.37
2635.69
1223.92
3351.07
2568.4
3435.52
2127.07
3346.99
2320.83
2981.71
585.669
3463.88
1842.31
3371.72
1882.4
2579.08
3758.45
2295
2986.39
2156.68
668.737
2734.17
3286.91
2836.08
2030.64
2218.78
3688.31
1501.52
1511.29
417.784
3239.1
3062.61
1845.61
2971.01
3158.08
2480.15
1084.7
499.939
3640.82
2752.03
4550.06
2328.76
2363.23
2573.7
2365.38
916.258
2217.16
2786.1
3037.84
2898.54
3770.32
2358.9
2210.32
1420.52
1805.51
5139.15
2569.75
1658.66
1781.66
1222.94
3331.02
2386.73
2835.55
3020.03
2953.46
3655.6
2608.79
2670.3
2973.94
3478.78
3369.41
1906.46
3656.56
2286.81
2121.9
3871.52
2967.35
2403.51
2330.74
4251.74
1675.71
2054.99
3508.53
2050.88
2648.87
2040.77
2419.81
757.266
2321.07
2762.51
3264.99
3054.51
2565.2
2509.19
3094.01
800.913
2830.68
3195.09
2307.18
3166.18
2418.09
3832.72
3194.43
1988.25
2382.15
3645.86
2509.49
4009.31
3314.76
2437.16
3076.46
3002.66
2698.35
2572.08
2670.41
2755.8
3398.45
3388.62
3161.52
2374.83
2330.48
2580.53
3474.69
2768.63
3611.72
2916.95
3513.28
2723.55
2737.19
4020.71
3137.65
2668.94
2212.19
3060.56
1516.24
1616.13
1962.61
3472.13
2925.99
3443.96
3642.84
3493.87
1059.02
2901.68
1965.69
1244.88
3704.03
2808.4
2600.61
3910.24
3411.26
3506.21
1715.16
2515.61
3364.34
1544.41
1795.33
2260.99
1788.46
605.859
2376.83
1803.51
3312.43
4005.78
3039.34
2641.54
3862.53
2304.35
1413.47
2743
1229.58
2767.05
1702.11
2822.08
2634.08
2056.53
2361.84
2707.6
1694.08
2788.24
451.369
2526.65
2682.97
2763.49
3630.13
2515.73
4768.92
3631
2903.85
3005.24
3537.85
3842.81
813.544
1996.74
2704.54
2632.7
2340.37
2992.48
3121.23
2336.9
2412.27
1653.49
3097.72
2590.96
1811.46
4381.11
4502.05
2158.11
4103.48
1641.86
4136.31
3674.44
3427.39
1723.75
2602.3
3502.15
2254.47
2854.9
2466.66
3227.72
2415.8
3739.74
2662.19
3410.1
1789.03
2622.86
1458.54
2877.71
2926.18
1493.15
2964.28
581.432
3860.3
3038.06
2601.22
2452.97
2506.42
2687.6
3525.16
2005.92
1723.58
3203.86
2298.04
2700.86
1319.15
4352.56
2147.12
2333.75
3180.91
1795.04
4054.36
2373.67
2678.98
3285.24
1452.82
2196.29
1353.15
1265.97
2337.24
2072.97
4171.91
463.152
3323.93
2055.24
3188.48
2419.65
1824.87
3215.15
2051.55
1344.85
3034.9
3299.91
3163.3
2910.01
2326.31
2498.05
4378.73
3347.76
2971.32
2659.07
2725.01
4084.08
2181.83
2163.49
1709.6
2911.23
2314.89
3652.71
3440.32
3309.13
3141.71
3187.83
4060.21
2607.15
3095.24
3158.05
3992.92
3115.89
1486.7
3971.05
2711.81
3267.58
2437.75
2733.06
1965.45
2688.81
2099.01
2556.54
362.372
3805.71
2302.06
1109.58
3458.89
3368.8
2415.07
3061.88
2893.4
3697.39
2713.47
2993.66
2192.87
2609.16
2050.1
2020.48
1804.93
2793.73
3440.28
2301.3
2957.8
2859.82
2612.69
3981.66
2177.39
2698.64
2646.92
3087.67
3925.31
2997.88
2348.3
3140.04
5170.28
2281.1
2922.21
1988.06
1111.36
2665.21
3855.22
2878.23
2706.09
2993.78
3191.2
3031.66
2943.16
3163.82
4205.2
864.692
3820.41
1617.01
2942.84
2299.31
2903.88
2819.27
3317.32
1920.76
3091.67
2267.8
2919.5
3575.42
1801.41
1709.54
3948.86
1881.66
4213.31
3209.94
3072.18
3519.68
1436.59
960.64
1747.55
3953.34
2203.62
4073.24
2804.93
2855.44
1785.27
3881.28
3136.1
2946.47
2029.19
2035.46
2247.5
2377.16
2613.07
3925.06
2670.55
3435.19
3380.02
3277.01
3379.44
3643.87
2471.45
2773.57
3549
2809.22
1500.1
2373.61
2407.73
1204.84
3212.26
3253.33
2034.67
2486.57
2727.18
4258.16
3198.75
2280.4
2780.45
2371.77
2103.81
1948.96
2562.45
2969.08
2259.43
3721.17
2834.93
2681.97
2882.36
2238.64
3535.51
2797.9
2237.34
4039.89
2844.65
3905.07
873.286
3016.12
3468.51
2189.69
2080.95
1618.36
2430.92
2180.91
2692.05
2592.7
2941.39
332.648
3515.23
2173.94
2545.28
2944.48
3568.68
2991.41
2731.64
2922.85
2571.32
3652.12
3188.48
2475.46
3058
1198.74
3323.01
3229.68
2993.2
1831.87
3816.75
1888.71
246.782
1703.97
2843.97
3496.48
4309.98
3481.02
2841.15
3107.25
3578.19
4115.83
3614.44
2574.01
2898.46
3342.24
1957.51
3206.88
2520.82
3024.05
3305.13
3498.28
5067.33
1631.85
3060.92
3793.61
1629.02
1874
753.399
3374.85
2028.29
1748.99
2951.84
1777.94
3056.02
3697.42
3810.49
2928.67
2312.6
3181.22
655.401
2980.76
2583.71
3595.25
2652.8
3283.29
2386.34
2188.22
2610.16
3397.29
2057.27
1787.06
2973.69
3318.45
3924.15
1743.32
3689.68
2604.43
3553.35
1309.9
3086.31
4471.46
2993.81
2849.24
3195.38
2204.88
3107.7
2412.55
3591.02
4216.62
3299.72
3311.94
2193.77
2443.46
2773.2
2215.6
3180.53
3697.78
1833.73
2571.87
2202.48
2482.97
2666.92
2794.14
3209.08
2396.59
2876.54
2210.27
3129.16
2215.3
2279.07
1595.65
352.169
2758.22
2972.51
3087.35
3666.04
2870.68
3330.92
2256.63
2972.71
3035.83
2797.86
2725.52
1548.95
2649.36
3552.42
1790.56
3099.05
4477.14
4433.82
2757.19
3373.1
2236.15
3036.74
2084.14
3083.4
2838.08
4013.29
2052.57
2356.45
3989.88
2836.09
1203.71
1652.82
540.543
2452.4
765.623
3459.4
1291.54
3262.55
3281.06
2688.13
3369.85
2865.07
2332.34
4095.24
2072.17
3538.95
1769.5
3731.66
2820.64
3310.04
3658.62
2707.82
1850.83
3062.32
3204.74
904.757
3645.49
1698.27
1235.97
1727.56
4156.28
4141.96
3938.56
2994.74
3402.33
1229.88
2052.1
3510.2
2745.32
3356.3
2307.38
3534.04
3398.27
3649.14
2990.68
2876.77
3468.29
1083.82
2475.85
2497.89
3126.01
2954.3
1960.98
2636.25
3137.35
2719.66
3975.94
1023.14
3610.99
2597.27
3608.88
3456.01
1556.65
2305.61
3229.01
1704.3
1603.95
1332.14
2828.49
2545.36
2340.72
3381.6
2302.27
2741.94
4106.7
1942.14
2470.15
3399.72
950.673
2405.32
3437.96
939.396
2964.21
2449.36
3712.19
2453.19
1910.36
3284.6
2007.16
3687.68
4462.17
2692.29
3631.39
3614.27
2249.42
778.475
3813.61
2108.34
2219.84
2809.38
1001.71
1933.77
3208.8
2078.56
3236.45
2319.36
3919.14
3092.52
3074.38
3191.51
2111.07
2920.53
3487.71
1763.46
712.466
2234.92
2433.98
2885.51
3436.82
2352.02
2466.14
4033.92
3218.59
2178.36
3268.18
2110.32
3557.8
2692.21
1994.5
1551.28
3934.53
2700.56
3019.44
1645.68
2476.38
4032.3
2989.95
3158.23
973.292
3630.37
2254.57
2564.38
2479.56
2343.03
1297.14
3248.48
4026.4
2014.73
2990.24
3599.61
3232.88
3591.16
2927.35
4118.32
2959.19
3030.15
2552.08
1876.59
1932.87
1340.48
3536.08
1477.81
2596.16
2132.19
2936.56
2562.18
3628.53
2096.25
1516.42
2899.28
750.76
1909.92
3050.14
2839.05
888.648
1091.24
9796.23
2396.73
2555.27
3512.98
2631.61
3166.72
2146.05
3042.05
2009.97
1871.54
2017.38
3085.79
3235.21
3211.85
3984.76
2690.49
3125.87
2752.54
799.856
2286.81
2872.8
3825.1
2175.41
1283.24
8681.03
3416.96
3724.58
2615.65
707.715
1730.9
2758.71
3270.72
3561.64
1612.94
2207.16
3389.36
3042.23
663.717
3278.88
2409.82
2160.31
2735.82
3973.64
1242.62
2271.21
1377.02
2752.49
2362.66
981.305
3249.97
3312.83
2791.22
2833.01
3189.58
3663.09
2120.96
2522.7
3477.21
2920.2
3912.57
2665.53
4662.93
2893.48
3716.59
2663.18
2397.11
2948.75
3091.37
3296.42
3107.97
3019.96
3366.72
1310.86
3672.3
2975.61
2335.38
3262.63
2043.84
2536.64
2202.65
3310.13
3980.63
3567.89
3068.42
2027.75
2866.81
2728.97
1912.46
2583.96
2354.12
3689.07
2651.79
2354.78
1564.13
2008.95
2802.16
2548.96
2231.34
3563.55
3774.42
2676.77
2131.08
2849.81
3288.71
2953.13
1867.22
1285.58
2644.91
2438.46
1193.04
2656.86
3256.51
3407.21
3099.47
2966.87
3343.53
3887.76
2110.98
2806.43
2140.39
3093.98
2620.47
3264.68
3090.39
1639.85
2884.18
4691.38
3668.77
475.728
3209.19
3156.81
2424.65
4050.8
2587.18
2831.63
3049.46
3559.66
2848.59
2420.63
2644.09
3111.07
3068.85
3152.68
1210.84
2297
3089.25
1986.72
2623.79
2809.33
2953.34
2728.94
1741.42
3742.59
2927.31
3340.05
3557.82
2763.67
3105.81
4191.43
2410.77
2525.07
2596.73
2988.1
2573.13
2178.73
2282.7
3442.51
3825.24
3234.84
2813.7
2084.63
1859.14
2405.48
3295.44
1052.1
3675.89
2915.51
1753.07
3024.26
3472.37
3424.37
3527.96
2677.24
2389.93
1307.91
2388.59
3730.62
2506.41
3355.97
2641.16
3625.14
1001.6
4032.39
2545.87
2500.04
3406.63
2261.54
2584.62
1254.46
3331
1372.64
2454.49
3603.53
2589.8
880.697
3041.46
1481.37
1983.54
2080.97
2582.17
2281.75
2788.58
2387.65
3449.71
1538.55
3374.54
4879.82
823.507
3210.79
1765.07
3027.55
2440.62
2707.64
3936
2728.23
3957.94
2443.02
2899.43
3264.78
2923.41
2896.16
3084.68
3265.1
878.793
3287.7
3360.56
1378.96
3270.32
2655.83
2890.76
2502.27
3234.8
3002.35
2032.15
3039.73
4071.05
2131.1
2020.86
2421.14
3520.02
884.424
2783.84
2194.15
2813.91
2258.12
3417.5
2552.13
3898.65
3457.44
2846.17
2340.18
1686.36
3467.52
2735.67
2406.25
1319.19
1513.61
3125.02
4096.95
3156.82
2785.9
3041.42
794.123
2751.89
2572.4
2042.5
3018.9
2761.6
2519.37
3119.55
3061.07
2232.12
2179.42
4535.95
2523.04
2920.63
4070.69
2719.74
4044.7
3268.8
2666.28
2798.74
3693.5
1901.69
3027.35
3028.26
3035.88
2488.71
3405.04
2775.8
2791.8
2624.71
2074.76
2591.72
1805.27
4132.98
2914.87
3038.56
869.737
2564.42
1967.05
3727.72
2652.51
5367.22
3409.79
3703.37
3395.75
1909.74
2525.39
3391.73
2104.39
2715.11
3334.54
3760.2
2466.81
2449.16
3080
3299.51
1777.71
2892.2
11507.8
3028.89
2369.21
2599.04
4832.97
2282.34
2491.4
2923.65
2921.69
2818.21
2455.83
2228.45
3075.87
4156.27
4829.18
1587.06
1610.25
2881.38
2416.55
3159.52
3399.78
2862.11
3791.03
2784.36
2803.19
3995.07
3442.76
2362.67
3024.53
2083.5
2347.72
2451.35
2760.33
3011.09
3168.5
4645.2
4126.46
2039.87
1935.07
2716.41
2524.22
2975.24
3288.66
2528.1
1927.2
3012.41
3209.28
1777.35
2319.9
2282.08
3242.47
3691.69
3552.49
4621.65
890.97
2507.8
2466.48
2045.13
1373.97
2678.93
3204.44
2856.61
3347.61
1787.89
2734.07
2869.61
2470.14
3461.87
3245.47
1327.07
2492.47
3479.83
2586.5
3383.38
3378.34
2671.99
2583.52
3340.37
2675.8
2516.23
2871.12
3966.39
1727.7
4685.6
2047.26
827.854
3038.27
2131.73
2168.36
2081.83
2604.4
3543.13
2458.36
3944.12
2696.81
1760.1
1752.67
4312.64
3479.35
1693.18
1984.35
2146.19
3532.28
1307.3
3140.15
2668.46
3374.94
3077.93
2910.53
1172.21
2518.14
3576.11
2076.38
2163.88
3133.01
2988.34
2855
2818.93
2455.95
2313.66
2192.04
2714.35
3134.72
2722.34
2578.28
1242.75
2138.39
3145.73
2572.15
2875
2569.2
3751.74
2495.72
1436
2845.66
3386.54
3458.06
3200.62
3845.4
3834.1
2554.27
3411.47
3408.86
1865.79
2910.5
3827.51
1771.84
2907.04
2383.93
1621.13
2734.71
1933.15
2792.66
2951.59
1797.93
1031.03
4012.68
3575.99
3117.63
2923.51
1443.88
1599.58
2328.26
3118.91
2197.55
2964.9
3421.23
2209.07
2642.04
2996.43
875.843
2600.29
2438.57
2105.26
4208.74
3126.29
3746.89
2556.52
2533.14
3306.65
2782.13
2629.4
3033.94
2392.73
1975.54
2147.61
3471.32
3553.33
1182.85
3589.87
2083.93
2050.25
1736.91
1946.15
2537.93
2239.45
2908.69
2935.08
1335.7
3218.04
2635.95
2728.54
3231.95
3010.19
3019.5
2283.77
2858.73
2928.61
842.6
1447.22
3899.98
3057.05
1854.66
2456.02
1479.5
2272.54
1975.02
3075.74
3094.9
247.12
350.174
3309.7
1226.95
2382.18
2584.65
3123.74
3157.18
1201.29
3141.45
3273.5
2506.25
3573.11
1340.25
2115.69
3989.85
1572.73
1078.72
2443.37
3229.38
2797.97
3273.12
1934.85
3480.57
2309.67
2632.85
2831.91
3577.37
3304.82
1486.81
2158.96
957.237
4410.53
4003.89
2693.65
3136.25
2035.07
1173.3
3514.43
3076.06
3108.18
2280.11
3949.48
900.792
2537.85
2024.64
2285.16
2738.71
2894.63
2237.19
3179.6
2890.77
2761.75
1805.07
2368.82
2112.43
2993.37
2998.74
3241.8
2162.36
687.412
2386.54
3713.01
2691.26
2304
2857.51
2525.65
1659.39
2839.09
1274.63
3034
3106.44
2145.91
2558.65
1979.93
3712.75
2966.64
716.111
2442.69
2610.56
3527
2987.61
2145.66
3003.89
1777.9
2725.24
2694.94
2764.79
3894.22
3363.81
2989.37
3084.92
3803.41
2615.65
2507.29
2205.82
3037.76
2306.98
4236.22
1853.61
4259.51
2721.15
2997.8
2474.42
2973.94
2064.03
3002
2953.22
2482.22
2978.54
3527.3
1317.92
1698.64
3645.61
2459.12
2735.01
3563.38
1412.28
2860.23
2227.5
2419.92
3954.39
597.027
2249.59
2607.96
3443.77
3503.39
2928.22
2522.42
2674.26
2659.06
3670.43
2634.47
2726.25
3072.86
3151.65
3411.07
3803.74
2070.05
2202.06
3136.28
1992.67
3368.91
2941.03
3257.17
2570.34
2496.62
2768.45
2948.21
1595.48
2559.51
2147.62
2959.51
3055.17
2686.14
3309.17
3613.17
2927.25
3017.83
2466.16
3177.02
542.592
3532.15
2625.07
3933.74
2428.31
4345.39
2134.17
2518.67
3328.12
2838.44
3189.18
3859.9
2905.52
905.502
2824.29
3108.31
2838.51
2308.84
2603.68
2973.23
3072.85
1022.39
3874.74
3158.85
2708.44
2510.21
2701.57
1980.75
3091.84
2511.09
3280.3
2444.46
3520.91
2473.86
2440.58
2801.38
3347.69
3024.05
1464.03
2176.9
3744.07
3313.91
3387.26
3188.58
2321.59
3540.68
2882.67
3158.15
3002.84
3444.01
2658.96
2617.21
2965.35
2651.87
2281.29
1475.92
1911.58
3584.18
3275.43
4003.8
3018
2643.25
2841.19
1778.66
1986.85
2589.57
2836.59
3266.76
3230.44
2574.79
2114.03
781.803
2430.16
2601.25
2735.63
2989.05
2831.39
3601.39
2025.58
4029.84
257.145
2343.24
3917.67
297.469
2271.39
1658.64
1887.43
2127.46
1964.72
2720
2686.4
3119.46
2970.44
2283.36
599.939
2337.09
2930.46
3365.77
2482.42
2706.17
2530.85
3432.74
2974.76
2848.75
2938.36
3013.99
5370.57
3142.67
3027.81
3410.66
2478.32
2088.63
3415.39
3140.4
2873.76
2745.09
2599.05
1906.19
2969.73
3037.49
2474.73
2868.79
2623.8
3015.25
2342.95
1553.43
2994.33
3395.66
2254.41
3665.08
2956.04
339.508
3714.18
3305.03
1892.99
1806.95
3180.62
2307.44
3855.66
1552.15
2882.66
3065.9
3597.47
2302.14
2413.86
3203.57
3208.77
3604.91
1846.19
3332.07
2586.56
3608.12
3189.59
3227.65
2516.65
3418.39
3133.05
1990.57
3262.57
780.281
3586.87
2530.09
2703.04
3249.7
2087.87
3721.14
2335.87
3019.8
3353.69
3197.43
3806.02
2131.03
2062.54
629.633
1719.96
3245.75
4021.18
3578.51
2833.98
1760.14
2724.47
4656.84
2700.36
1075.23
2424.6
2693.82
2868.3
2625.44
2922.5
3017.94
2923.27
2420.86
3059.43
3780.2
2878.83
2505.89
1429.55
3071.36
2570.77
2101.05
2411.83
1908.41
3068.36
3423.42
3444.22
2754.2
695.116
1603.25
2818.61
3144.58
3000.99
2917.92
1823.6
2733.83
2737.63
2664.25
3030.09
3652.24
2961.49
3351.43
410.519
3591.91
2868.47
1215.74
2733.24
3584.02
4387.28
1545.23
1936.02
2647.26
3618.27
2843.65
3374.69
3303.75
3241.88
1564.55
plan_time_all 6.50109e+06
