37.7784
66.132
82.274
100.094
95.1087
152.877
72.1725
166.95
145.198
88.6378
50.9521
78.0383
111.198
126.784
43.8337
122.182
121.74
111.412
136.674
89.2196
123.569
22.8268
82.7624
18.9368
160.404
119.883
82.7901
121.338
84.5146
58.758
159.395
74.6568
66.0724
33.2982
42.5628
65.4596
123.013
71.4999
47.5964
65.3902
74.7683
102.089
87.0697
83.013
158.197
171.801
48.8562
31.4005
135.963
129.996
40.9141
49.8367
21.0223
52.776
50.9946
63.7562
77.8764
78.478
162.784
145.331
29.7847
170.002
62.2088
91.4785
63.9735
38.7846
104.531
121.514
6.61451
57.7861
131.796
40.386
178.747
52.0339
44.4145
177.965
43.5417
51.3876
213.258
132.875
25.646
98.6656
60.8518
54.1257
20.016
57.1672
117.495
130.001
74.3955
118.288
149.596
81.1283
106.993
33.803
28.9723
202.103
57.232
79.6791
115.731
37.8225
69.3634
41.2301
98.1411
45.7974
26.1708
54.1366
78.4261
43.8035
107.764
132.508
110.198
89.5705
33.8437
22.6277
65.7665
189.114
79.3053
91.3556
33.431
88.9055
55.2827
51.0698
196.435
102.589
85.1906
91.3742
96.3193
84.7819
84.7899
128.354
62.1734
37.8758
68.2419
98.1142
37.4844
102.244
66.6826
54.2198
148.403
53.4034
65.7945
107.721
28.0597
40.1844
142.404
38.7554
140.334
111.143
79.924
124.675
118.332
30.9413
52.8783
74.5949
17.9231
108.314
160.827
60.6787
94.7536
45.3005
34.3839
21.459
31.9124
46.1392
110.361
90.841
139.95
113.063
44.2449
174.186
116.977
78.9204
117.276
88.2658
125.456
90.8516
98.1635
99.0321
145.658
23.6304
46.5114
90.3336
108.877
137.475
72.4199
85.0214
122.9
55.6759
118.362
103.371
147.882
105.52
158.869
27.2292
57.5822
30.7978
87.1341
24.3809
123.436
37.1543
73.6885
74.8884
156.466
122.679
94.0919
105.859
149.536
90.8224
30.2623
172.001
139.703
85.7653
76.1409
37.3166
134.061
85.135
91.4572
41.7292
128.846
95.7948
97.5072
138.275
144.646
107.653
87.4178
98.9504
125.389
165.177
85.8692
18.5556
10.25
55.1941
39.3504
56.4615
10.5475
133.857
89.7281
73.2669
114.12
151.942
117.169
167.466
56.8013
143.532
95.8087
41.0334
99.7208
144.568
41.1715
216.12
76.6487
128.398
83.8043
139.356
167.162
113.692
80.0901
80.318
45.4413
83.3148
28.853
82.2068
66.9348
40.981
213.222
99.0146
37.6913
149.977
44.9805
62.1125
109.682
79.924
127.525
88.6525
95.819
86.4206
186.83
82.9217
134.538
161.833
30.3572
89.7625
168.466
158.432
171.279
130.85
167.324
119.192
121.457
97.2337
23.6373
114.445
100.582
63.0903
176.537
158.176
54.1349
49.5505
99.1241
186.596
74.1063
104.417
46.7544
38.4058
143.169
91.5357
72.5524
31.1292
60.756
52.1512
193.093
55.799
36.7969
110.374
39.0847
160.192
76.7822
27.9526
129.297
177.925
28.3632
142.727
147.092
106.85
60.0547
74.7726
50.5474
113.221
126.433
33.6789
87.7651
133.559
55.2469
44.6612
49.4994
94.9207
73.5302
112.135
89.5849
71.5564
139.937
126.726
70.0745
49.0741
151.739
41.0154
93.9974
44.5671
145.781
151.316
64.5092
103.778
71.3065
130.523
124.706
156.937
146.362
71.902
84.2568
112.559
87.1468
77.87
34.4429
126.383
88.3897
115.722
75.8871
75.191
45.1082
134.504
113.206
27.1776
99.6443
79.4673
151.563
111.602
19.5189
67.3181
69.401
127.889
96.0127
37.8155
134.341
79.5739
169.561
32.8156
49.9161
118.262
70.3224
96.438
42.566
71.0988
49.5279
52.5644
145.179
40.1538
92.3651
96.1425
148.913
123.988
89.1326
86.2929
136.38
110.556
118.453
114.879
68.686
29.7762
99.5883
176.992
21.1104
133.606
54.0223
50.4098
21.2743
130.141
172.282
40.0428
186.186
137.196
107.887
86.408
67.8017
33.1176
99.1981
92.8028
23.5741
36.1531
93.8715
10.9388
161.923
113.803
34.2379
67.9142
127.751
55.8253
46.4099
107.983
61.6177
81.2581
69.9973
80.8706
84.4649
129.288
101.667
165.179
89.7301
76.2927
75.2739
110.591
64.9528
78.711
91.0642
108.465
92.6215
80.1327
40.2605
154.675
87.8289
86.0665
176.384
104.875
73.8813
66.2843
99.2219
66.2964
48.1276
38.5173
187.75
34.8932
96.5539
81.9493
61.1166
102.115
160.587
125.325
131.547
44.9993
90.7926
143.005
142.378
26.3861
74.0185
156.672
77.1414
29.9518
25.2525
73.396
119.526
60.9573
132.551
104.518
198.895
118.759
111.595
99.5439
110.524
90.5393
38.6088
101.977
144.58
102.032
86.9913
105.729
109.654
45.6798
146.521
38.4694
99.1867
182.595
147.346
135.382
64.9867
50.418
122.194
89.7759
60.3798
127.732
162.996
53.6799
126.42
61.8971
97.2594
38.2436
86.716
8.14549
35.9767
94.6195
49.4458
129.707
35.927
59.7246
123.543
42.979
163.202
99.5875
38.3042
60.2801
131.803
38.046
120.86
154.917
145.232
99.4044
87.7783
131.955
61.7599
126.202
35.3689
106.303
75.437
53.391
142.209
72.1551
123.598
129.568
120.33
42.3593
152.664
155.077
16.2353
66.4198
126.44
145.172
86.2303
45.3859
79.3751
95.7778
51.689
96.707
34.2895
44.1196
118.301
108.649
123.45
131.179
44.1216
39.8498
117.646
110.585
129.173
112.374
97.5783
103.874
92.4335
80.8029
83.6119
69.8459
77.7561
24.6792
65.188
136.143
62.9848
40.8555
65.1905
45.5617
74.7272
123.163
163.903
140.208
174.537
55.046
31.2229
60.0823
78.9235
27.0443
127.33
52.8702
130.771
70.5295
139.333
83.6875
75.6805
104.411
37.9495
123.939
97.8563
123.183
125.276
115.197
77.4545
119.034
92.2513
135.382
42.7994
69.2845
81.7982
94.7304
157.77
113.761
71.4454
26.1829
106.156
102.528
141.748
30.6368
91.6205
96.7568
14.7327
88.5464
64.8245
88.4636
122.232
165.325
66.1752
57.9256
103.483
30.5307
9.70766
72.0673
147.404
164.476
77.835
112.599
110.038
115.235
29.9851
67.7147
192.981
182.886
124.133
80.2532
24.4708
25.1819
160.537
118.609
62.6358
59.7029
107.327
85.3543
166.606
39.0282
183.453
121.294
113.916
195.217
64.2241
39.4116
49.7413
79.9481
27.1294
145.898
71.6119
109.167
131.644
60.8266
42.4305
51.3731
19.4353
65.2378
56.6057
74.7024
100.132
127.908
105.744
125.366
131.952
128.865
33.3779
77.5068
129.978
116.383
82.3498
112.334
113.578
57.8096
50.3353
13.1436
153.217
83.3202
58.1214
126.538
80.1863
77.2811
38.6303
23.3347
132.972
66.6636
86.1564
66.2987
118.747
53.5984
55.6443
38.25
41.5913
130.254
86.5633
93.5603
149.16
126.412
55.1159
36.9224
113.588
52.36
156.288
75.6729
108.674
29.5602
159.403
106.979
65.4346
169.449
53.5463
132.925
155.454
55.9831
166.439
62.9293
91.0325
67.2442
183.913
133.659
132.225
62.7387
79.7984
26.4642
115.807
98.5835
44.6239
49.6777
128.531
38.0716
61.1053
112.941
80.2912
23.464
158.887
122.087
58.6397
195.852
120.408
180.799
71.1954
28.0641
127.945
85.4671
122.279
114.261
64.958
124.059
183.46
57.2592
129.729
61.3256
110.115
87.9469
193.662
61.7915
158.443
64.273
74.1455
113.955
118.472
139.575
82.0612
98.9324
109.975
38.4894
118.965
64.5652
81.9295
132.267
69.8498
120.169
107.173
62.7892
59.7259
93.6751
163.103
133.775
47.4925
92.4134
114.926
39.2967
92.4641
116.556
131.187
167.317
99.884
185.735
28.7284
91.733
97.4834
16.2093
95.1491
68.4055
125.642
121.193
50.1414
156.727
32.1635
97.6493
172.12
49.0211
53.9977
151.145
59.7342
17.1141
102.857
42.1861
91.0377
101.474
130.788
76.5298
135.249
113.937
39.5137
152.276
20.9433
126.881
124.507
36.4844
125.812
96.4494
116.873
151.031
51.4983
160.933
16.3512
131.232
115.302
149.529
177.957
69.3765
88.5862
194.261
73.7331
52.0282
141.593
72.7963
17.6751
35.9827
51.1462
109.119
106.591
94.0161
182.277
55.6471
85.7104
33.1487
133.217
109.82
24.8434
84.5091
111.418
76.5126
187.23
54.7229
163.495
154.993
55.6513
20.2586
82.4527
119.664
38.4966
69.1068
130.707
90.3847
85.445
57.0047
70.1697
89.2688
27.8798
134.281
23.4383
135.051
102.782
77.5932
47.4596
37.7363
82.3094
84.9782
104.765
86.9235
74.0563
132.436
96.5925
35.6825
58.9997
139.729
83.188
71.247
37.2498
52.0616
53.554
121.628
93.9199
57.329
37.5099
49.681
138.094
116.842
36.3024
69.3718
65.1138
28.9409
55.6891
51.6962
128.904
10.1987
39.0949
62.04
110.161
103.135
65.5759
103.804
72.1718
31.3359
91.5771
79.8627
162.471
139.491
89.7904
88.5404
86.9374
114.607
96.3655
99.7981
147.015
80.4975
116.571
68.9645
34.6515
108.61
154.535
65.8444
52.1772
67.575
156.403
171.024
79.9835
85.9921
132.578
58.8175
65.1834
124.777
68.7243
81.8561
73.3996
108.636
87.4028
132.661
28.2634
135.067
93.7254
73.8946
16.4346
203.748
67.9211
43.5076
118.257
78.1051
93.1831
84.7284
123.028
89.6848
125.253
101.523
56.0916
63.8808
56.7653
41.481
45.0065
69.0294
121.791
91.0314
92.4712
117.359
123.758
107.482
124.64
62.422
57.721
135.065
109.594
98.4217
80.0416
124.576
42.2602
54.2717
97.2815
74.8258
38.6013
54.3791
103.959
172.296
107.445
105.032
127.046
101.948
75.8889
165.318
70.9511
30.7677
160.21
55.0431
87.0473
145.863
72.365
55.0581
102.613
79.1645
70.1519
77.4011
41.943
95.4314
63.6844
62.131
115.025
69.3934
86.5747
133.568
164.961
142.307
40.7299
27.4432
35.7189
98.4628
51.1655
126.287
173.331
101.684
98.726
86.0052
87.9463
147.431
105.446
73.6872
74.2258
138.225
158.64
106.02
89.974
135.689
122.577
59.5725
175.09
151.237
68.6177
121.724
99.7582
52.838
38.1043
150.884
97.8611
28.7268
135.837
138.533
51.8054
142.558
77.3575
85.4961
177.408
110.832
125.671
54.7158
48.1436
79.4697
147.647
50.258
39.6588
69.1263
56.7061
42.1939
145.417
92.6305
128.556
94.7672
47.6203
78.3779
186.71
141.558
21.6737
130.458
93.336
68.0715
58.1967
50.8106
138.894
144.935
122.767
62.0324
91.1277
17.2858
143.738
107.895
125.098
118.182
60.2574
84.2728
96.0677
93.6827
58.2459
99.3916
109.882
91.4306
165.343
53.7596
155.811
151.202
165.996
101.844
70.0543
58.9635
11.6752
26.2697
130.972
184.378
54.6523
134.477
106.371
80.3094
135.058
170.085
39.761
168.749
155.938
63.6276
48.2942
67.2334
76.8103
110.718
130.435
114.192
57.3151
103.482
116.783
54.0303
17.7908
88.4339
8.96981
84.8806
29.7471
96.726
150.335
43.3541
117.643
55.7115
123.607
169.519
109.785
199.492
19.2129
80.9461
116.29
143.21
139.54
119.578
77.8148
64.8006
114.658
157.919
30.7464
63.0422
86.0471
133.379
77.332
73.9424
127.808
88.7153
119.034
33.1282
129.397
82.8892
124.764
141.551
79.6904
115.358
167.166
98.862
81.4001
109.394
117.306
124.32
71.9377
132.083
104.909
74.7845
174.239
208.427
40.9063
124.261
57.4827
71.2504
70.5845
112.053
147.596
106.98
160.213
71.7228
111.823
58.2541
102.895
54.9215
7.51785
72.514
143.807
150.365
128.635
137.063
88.1984
67.8642
117.793
47.7043
72.0811
91.6033
33.7899
89.0046
221.178
43.7485
149.011
122.881
113.201
157.355
111.339
114.033
154.086
42.3501
83.0118
91.4564
115.637
154.36
66.1994
86.5462
47.371
29.0616
37.3979
21.5548
74.5296
25.7935
74.2083
44.2558
138.768
56.4363
118.954
88.7629
121.886
120.729
91.1532
50.4583
54.8506
35.306
52.1375
102.864
142.394
73.9636
78.984
54.2382
59.4358
161.891
19.0701
56.8884
76.9654
34.6787
42.8274
88.6324
134.971
84.2736
108.491
86.146
44.9775
65.0547
165.035
115.26
170.397
79.4061
159.687
97.9962
142.886
70.1264
48.8929
84.325
15.7595
61.5148
98.376
134.559
141.921
106.483
78.0461
180.591
143.871
85.342
32.7107
69.4542
92.8779
114.803
147.479
64.5843
64.5897
81.2999
58.4361
43.0221
46.8376
111.506
79.1249
94.3608
85.9005
65.5629
69.0525
75.6833
59.3861
132.805
158.053
20.7771
88.3863
104.451
32.417
152.184
100.91
136.023
41.2338
54.1706
101.165
52.3869
121.62
173.96
74.4184
118.129
49.7768
91.939
23.2383
122.281
36.9922
68.022
37.3776
27.5825
71.8762
149.086
102.479
92.5656
125.657
82.1582
57.2968
137.052
109.395
37.5183
75.6888
151.339
33.5013
22.918
43.2827
121.457
91.0903
109.169
89.9492
128.385
115.727
36.4045
99.466
80.1613
43.0312
84.7474
78.5507
58.5945
36.5401
134.017
109.405
112.448
68.5644
75.213
81.8806
132.939
121.698
39.0302
52.6751
54.209
128.246
40.2096
79.0299
56.0209
166.689
157.248
47.7262
153.982
125.184
182.722
71.3907
126.78
127.958
65.8353
75.4191
135.512
73.4493
105.939
51.4099
89.6265
33.5502
105.879
30.7074
80.2328
122.364
150.269
56.6132
31.4476
102.424
38.7953
27.4176
167.357
112.52
33.8575
32.4981
23.8842
93.1824
157.391
114.298
128.985
78.9572
46.7316
121.201
57.5039
56.7193
97.3968
69.843
88.5585
157.352
71.3843
91.2021
158.82
85.9598
20.1765
102.559
133.596
160.878
76.2536
40.0799
20.4161
136.594
161.177
89.0205
17.8177
52.2003
100.67
90.4222
150.248
38.7133
56.3102
154.369
58.9011
15.7752
46.8759
50.5081
24.9491
72.7299
136.656
46.7692
78.4504
59.9086
151.289
48.3471
26.3295
166.192
168.193
85.8036
136.797
85.5599
95.7142
47.4941
124.76
65.6319
135.657
146.937
69.8344
51.7929
140.009
132.195
69.2689
85.9197
78.162
183.444
100.21
165.134
47.6009
92.4404
33.4186
136.11
111.957
110.618
127.483
74.9402
87.5622
41.6172
135.886
47.0576
112.588
105.092
41.8635
121.903
64.5699
65.1267
82.7551
134.55
143.912
151.643
78.1169
69.1374
77.665
100.427
49.2564
57.5765
115.914
81.433
73.9086
76.5483
57.8821
154.069
103.918
29.2563
40.5422
68.9166
99.4523
22.293
133.193
116.285
26.2537
52.2378
121.958
71.7737
121.297
63.0604
75.1249
121.108
126.842
165.364
120.916
114.478
65.9941
126.885
56.9605
130.948
18.9225
150.356
144.019
66.8027
85.49
81.8811
63.0168
144.919
115.558
60.1408
42.3065
110.762
112.175
124.086
122.841
63.7192
56.3252
151.618
30.3957
125.929
72.7308
101.033
47.8254
78.3002
185.233
69.3498
175.24
162.471
145.162
97.3839
89.2382
68.8784
121.692
93.5613
107.292
136.254
72.7712
19.3346
168.965
162.046
97.0994
95.5029
55.1954
106.731
109.898
100.624
19.1445
76.9415
99.5101
139.154
142.552
125.099
168.386
76.8836
105.393
84.6841
21.5932
92.0174
90.9678
62.6627
119.015
82.3075
179.513
64.5835
133.854
37.6063
66.8651
154.128
98.8939
71.4343
26.7411
189.89
63.9359
59.961
81.9528
89.6031
21.6915
48.4264
28.7219
26.5283
60.6275
118.972
126.469
87.5243
76.6079
109.606
41.3377
94.596
65.215
20.8667
141.09
46.4367
85.2041
116.326
113.947
125.388
171.737
99.3032
119.63
150.013
134.738
96.948
72.5106
119.141
47.846
28.8823
63.8845
163.1
45.0838
130.289
74.9231
178.084
88.3194
155.174
153.038
115.987
156.755
121.112
30.3713
89.6021
93.7501
51.614
45.9264
44.9882
113.003
96.5409
68.3072
160.04
21.7412
111.016
119.403
157.44
125.007
97.7313
115.496
131.447
71.2045
67.1415
68.7725
127.865
169.208
174.45
164.192
69.0922
22.1556
67.2612
135.379
63.0905
88.7904
139.073
103.835
90.8943
60.078
59.7373
51.0375
111.131
144.315
113.036
87.3325
115.363
151.851
45.6017
74.0699
121.894
62.2848
47.3058
88.012
126.13
114.524
58.3666
97.0003
161.586
126.748
146.385
72.7815
44.8601
35.5594
161.39
162.583
75.2426
21.3528
102.427
46.6564
151.516
118.534
132.73
51.1115
85.9944
114.334
27.9639
85.1384
110.42
109.997
46.5863
169.886
117.833
100.626
124.207
103.894
106.559
53.4045
168.821
34.9927
63.3107
81.6746
76.6827
62.2404
54.3245
80.9154
105.759
135.509
145.554
107.761
48.9497
107.584
70.1767
42.975
38.0862
46.1366
154.196
46.0942
142.757
81.6912
51.7072
112.452
132.849
166.523
101.637
92.0291
115.762
105.249
49.2868
72.3887
51.3656
73.5605
87.9027
149.218
128.491
127.258
48.7091
40.4995
102.45
64.2346
184.081
107.371
50.3205
36.3839
92.1288
77.9381
75.5484
49.5876
61.5469
155.929
57.2478
88.5036
69.1614
17.4046
65.0064
118.4
90.3084
52.9199
38.2329
112.029
70.4205
116.287
80.2959
71.2264
124.659
42.9785
136.085
77.7137
22.7298
101.376
126.426
115.561
154.342
128.821
129.038
51.3457
102.508
48.884
45.0204
149.515
115.686
19.6001
39.5495
79.8698
29.7195
150.897
87.3394
44.8549
86.5726
126.643
192.283
86.3576
133.141
38.2377
119.722
57.8016
134.292
183.191
58.7345
69.1312
49.7694
56.7442
36.4929
132.271
178.531
93.5024
133.678
96.7092
33.7312
71.9418
79.7643
90.8583
56.2278
114.51
96.3842
109.504
71.2907
53.5632
50.6505
97.3286
143.693
161.891
134.631
85.6403
36.5045
63.5845
41.476
91.639
84.8215
101.761
123.644
61.2942
28.7066
117.859
45.8765
66.0575
47.8152
22.9479
99.8469
206.766
122.025
145.441
118.958
75.3093
68.819
25.5124
111.312
90.2256
54.6574
187.02
94.8723
112.848
94.697
68.7403
24.8076
173.654
155.414
70.4002
132.011
42.0692
48.6654
64.341
70.3793
78.0559
119.089
155.887
92.816
99.0169
120.554
16.4499
105.482
50.041
83.0849
65.279
101.715
171.261
42.383
106.326
137.718
114.836
88.7868
120.376
52.1923
62.8525
62.4327
135.338
69.7308
33.4363
87.4467
36.3033
48.4193
66.7437
100.706
109.057
65.9778
108.69
50.3222
59.6753
84.1512
28.6948
103.745
48.634
152.279
123.974
85.6172
43.0196
62.9285
17.9239
68.2235
116.977
124.002
34.2316
117.891
36.0384
119.25
110.044
78.898
104.102
8.08958
17.9095
80.1157
39.3949
58.8179
54.4389
95.1472
89.4361
33.0348
97.5586
63.8022
43.8998
71.8642
21.0147
47.0025
145.038
34.6813
29.5285
54.647
91.1112
185.576
46.523
38.5444
130.954
109.342
48.2217
137.27
54.9006
212.693
52.4872
57.1838
40.4873
49.3838
91.7951
126.228
52.0127
109.095
74.1023
78.5416
151.176
30.9574
86.2336
104.122
60.537
139.71
98.5659
130.816
95.3723
99.8527
69.9163
104.167
122.137
88.9295
66.439
47.6357
75.6193
34.1426
116.319
154.84
108.188
13.604
72.1814
105.336
126.113
77.3766
121.745
112.601
83.4241
182.738
39.5448
140.887
146.12
46.6751
64.6894
30.6611
90.9411
44.0513
19.9636
92.2535
129.81
140.362
70.7872
143.695
83.8881
37.0589
132.507
50.3172
75.89
112.457
64.3518
90.2714
84.1327
147.052
66.2146
73.5708
125.949
113.456
90.6973
121.529
68.937
113.132
118.442
154.03
72.3214
130.569
57.5805
40.7305
155.648
83.5646
136.824
128.2
40.4192
61.2008
60.921
69.9129
90.8982
79.8058
36.2215
131.145
72.7847
52.7703
110.865
14.5199
39.7935
82.0904
89.634
61.7896
119.883
120.54
112.06
95.2248
73.211
115.482
32.6026
48.0791
162.828
137.639
79.4142
73.0331
99.9439
147.319
51.3595
115.07
127.311
111.5
156.137
100.118
67.3553
119.678
87.5051
129.274
65.2971
127.117
137.69
113.056
81.929
121.688
168.898
112.3
78.3036
132.859
12.6848
164.371
165.556
116.675
52.7483
38.2933
67.4178
54.1579
158.619
78.8915
175.165
154.885
143.362
19.1244
94.067
55.7663
117.13
47.4648
154.124
103.855
117.101
24.1467
131.446
100.377
70.674
80.6582
105.021
56.9408
173.143
165.81
73.033
141.124
165.082
163.909
38.851
164.585
71.6086
171.299
46.9975
113.355
129.258
161.338
76.4792
89.6529
92.6273
108.257
152.431
48.1779
153.97
80.0351
59.2496
61.9068
91.6818
101.515
85.9456
39.6197
92.2623
140.32
125.494
156.463
79.1389
166.959
158.999
31.9175
109.394
108.652
84.9753
146.273
76.3265
141.442
94.8569
24.0912
70.5756
124.51
67.9892
158.438
115.595
126.134
112.097
93.4212
6.0891
140.085
110.477
19.9935
94.7594
43.6184
38.557
131.796
33.3184
100.378
157.331
72.9836
105.581
47.8448
21.7119
42.29
50.7048
150.922
82.0176
95.3589
90.4276
65.3095
162.966
63.2441
101.671
49.9746
114.805
148.294
128.178
81.7653
73.6507
55.8888
154.583
71.8131
53.8882
37.0676
49.0633
74.7582
49.6758
86.0313
37.8022
127.703
123.392
165.532
72.3982
63.6248
93.9847
88.6437
118.313
101.769
125.788
24.6223
223.028
120.797
66.0678
34.9291
59.8722
74.2545
140.376
27.4637
143.548
134.596
73.8714
39.8564
34.9316
121.503
71.4869
150.18
95.7446
154.097
138.771
170.839
162.636
118.291
131.935
53.4208
125.902
79.2617
62.5893
27.9807
67.0804
67.4391
74.6466
123.692
104.176
107.001
74.8693
87.0264
89.9031
105.1
122.745
82.6503
64.1857
16.0675
98.8519
113.743
60.6706
124.209
122.324
35.9088
171.426
140.698
100.575
34.5912
84.1613
70.8596
129.124
110.099
121.597
114.822
66.6624
66.4246
112.643
69.8454
144.117
80.2182
49.1076
85.0875
75.9967
134.305
147.383
58.8893
137.745
139.408
41.9415
42.1567
24.9951
72.0364
66.0517
127.917
80.7644
93.4945
111.091
102.551
120.62
146.289
138.262
90.0127
127.742
101.685
11.5979
57.9709
148.84
30.7357
109.894
104.917
112.711
38.7876
53.4075
59.366
117.361
91.5582
130.779
162.014
164.561
26.2147
traj_length_all 220028
