287.761
657.808
673.665
929.745
735.803
1084.52
530.119
999.335
887.909
591.922
408.061
563.244
942.844
793.821
555.913
1086.67
976.799
773.268
824.154
642.493
791.5
473.342
747.603
187.499
1054.49
685.439
648.378
697.689
571.76
564.669
1026.18
819.667
601.433
345.55
393.93
820.235
824.898
555.639
679.099
585.982
701.025
831.406
784.179
489.061
951.772
975.946
481.049
325.278
882.015
742.32
571.719
507.822
1293.48
418.006
503.616
606.666
661.698
726.468
1027.69
945.601
510.789
1140.43
673.968
814.399
627.011
378.539
599.241
785.459
209.942
773.472
859.673
598.155
3014.37
548.106
769.04
1100.31
525.695
753.122
1183.06
958.048
433.705
935.549
768.207
594.716
217.575
610.175
1265.22
759.506
657.481
944.773
841.349
812.094
876.638
584.695
227.521
1013.2
497.831
662.708
902.577
863.358
751.428
436.122
589.528
438.368
485.066
472.426
632.41
415.032
787.709
762.73
570.588
664.454
412.422
300.604
667.882
960.125
600.26
739.162
456.497
659.341
656.574
621.223
959.953
782.03
722.298
639.283
578.023
777.536
476.129
721.522
550.409
473.233
575.452
498.957
451.625
564.987
645.461
1207.45
949.122
598.321
622.118
657.17
319.261
474.915
886.769
413.233
884.683
677.851
595.029
859.635
810.001
383.449
729.829
669.175
221.909
777.312
752.933
549.231
625.341
871.35
456.148
214.507
320.253
660.852
803.408
1297.08
1037.93
777.012
928.804
1072.54
1074.79
785.675
601.241
757.589
1016.07
544.76
873.904
966.198
1078.05
366.716
573.104
726.423
642.283
802.274
1299.97
675.639
742.7
425.146
881.276
1042.94
1075.04
870.248
1035.64
289.906
321.607
764.742
551.326
340.803
1010.68
387.707
704.085
964.386
997.907
835.023
840.814
702.462
767.832
1042.35
610.491
755.677
848.103
785.11
703.209
388.556
1132.35
713.081
717.106
353.32
920.86
916.815
631.25
761.512
724.386
745.048
825.749
847.84
717.291
943.439
795.75
271.838
293.111
695.7
712.728
978.744
40.0352
797.102
770.375
670.52
753.03
867.653
694.046
1201.44
612.86
795.989
582.505
617.416
713.441
669.41
587.667
985.659
555.53
796.225
692.518
915.937
858.607
651.724
575.217
726.467
570.929
677.721
413.771
828.708
391.833
958.568
1213.45
736.968
314.379
845.834
710.78
1136.76
818.395
1105.49
811.188
712.013
655.664
765.749
1244.92
786.938
719.499
785.9
536.112
727.934
1166.92
959.735
920.702
812.419
1086.23
888.755
982.414
646.503
475.487
585.67
595.214
608.252
1027.75
828.259
349.017
652.002
814.397
934.319
929.344
841.79
749.868
512.546
822.316
1297.97
903.101
437.301
573.112
725.593
988.486
580.364
690.284
806.857
596.843
1085.27
688.75
755.318
971.789
1132.28
322.921
787.507
966.714
905.242
881.313
911.792
550.751
596.392
869.582
351.958
862.81
840.759
550.792
471.995
394.936
515.869
594.628
730.246
852.976
751.998
1016.04
873.083
521.996
630.539
1019.98
457.451
488.724
419.193
846.69
1143.1
620.843
689.836
478.813
924.949
1046.79
867.93
893.409
750.308
759.874
718.77
800.821
586.106
366.165
775.181
804.547
629.225
766.58
574.687
453.17
796.015
868.939
272.419
904.35
665.124
919.112
669.845
195.334
657.86
823.476
729.172
993.072
917.733
664.038
930.909
930.641
429.078
426.928
573.853
504.693
621.796
538.629
558.562
613.283
814.038
910.384
358.542
798.277
855.057
814.715
774.215
715.677
753.271
969.596
877.582
942.025
929.294
703.835
306.702
819.334
908.288
445.342
892.416
484.363
960.003
89.7648
909.839
935.219
532.481
1322.95
845.506
789.809
625.781
632.742
268.021
623.696
833.696
330.472
472.315
812.131
193.674
1040.01
749.777
342.493
670.213
690.16
578.162
452.242
701.393
813.529
818.111
496.364
1237.19
767.989
928.141
946.56
1006.89
712.139
652.483
534.11
783.883
522.73
617.129
833.224
763.789
670.242
540.054
536.993
951.541
939.051
716.332
950.37
792.178
525.464
783.711
701.362
666.662
545.121
513.714
1267.41
708.476
1220.31
899.894
574.438
613.257
925.596
783.524
918.963
754.253
765.733
902.373
776.787
265.849
510.247
832.446
508.218
420.469
164.131
516.257
797.002
599.033
804.532
675.573
1210.9
919.895
851.011
596.226
908.586
762.068
801.038
931.138
829.76
629.386
889.318
572.258
969.643
451.444
868.353
452.322
798.801
978.019
730.228
613.151
682.804
642.789
718.871
732.03
751.449
895.775
1183.36
450.907
1323.04
517.256
672.114
334.606
657.225
109.83
643.992
981.923
722.419
599.302
386.491
798.115
721.877
444.882
1007.12
798.977
323.692
569.164
995.216
378.047
790.248
923.29
862.527
907.448
667.721
840.106
1058.7
745.992
564.558
1219.5
723.688
651.286
922.777
846.639
1049.19
613.714
760.826
288.215
907.914
1003.63
175.583
517.239
1027.59
749.96
632.767
506.908
679.033
852.429
419.982
606.122
502.63
537.545
908.914
896.932
901.939
916.35
369.385
500.981
750.847
811.32
922.706
766.76
602.688
799.979
588.183
642.726
802.707
642.726
809.461
246.237
859.377
731.146
467.824
557.874
443.776
580.256
894.641
667.645
935.774
1023.15
1077.1
447.991
251.833
703.045
629.157
390.575
690.272
492.372
890.758
630.716
1008.43
779.109
858.438
1075.57
591.054
1034.09
846.508
1011.95
820.605
786.707
654.858
970.737
899.423
874.86
662.05
806.966
850.643
741.599
934.626
1237.48
856.461
193.198
811.521
729.849
874.097
545.27
831.402
614.97
278.547
761.178
634.732
1102.09
684.624
1031.13
699.816
522.294
677.741
587.595
284.964
605.465
870.548
949.334
876.491
785.651
885.454
931.708
645.742
611.747
960.455
24251.3
904.747
804.181
430.449
403.812
1073.07
960.961
639.486
446.253
601.84
995.229
917.189
646.02
1039.5
842.096
730.93
973.353
997.922
439.363
510.199
839.195
231.765
1037.44
496.427
813.875
807.53
653.686
669.519
927.254
177.331
876.955
400.081
821.763
878.717
900.628
1004.88
1050.81
832.185
796.22
412.045
766.344
1086.33
1028.83
455.898
809.236
843.83
410.458
418.66
125.558
956.832
750.406
614.19
764.901
667.609
446.641
327.411
288.837
953.354
883.252
910.113
724.815
792.659
729.042
351.947
497.797
691.647
760.561
773.866
778.393
1008.13
906.015
624.349
454.646
698.366
759.068
733.656
581.538
706.85
288.735
1281.16
748.626
692.944
1094.64
513.401
1150.88
847.363
669.511
867.003
977.79
683.156
443.224
932.95
836.154
740.469
707.539
727.724
655.926
755.794
805.975
355.624
396.576
885.693
561.274
623.633
616.988
503.225
134.53
873.152
752.343
672.739
1221.54
569.215
1019.95
667.679
501.692
910.382
638.774
1176.68
1032.35
760.212
889.311
1106.37
696.111
816.267
620.463
579.26
618.167
1010.37
828.526
923.271
811.65
655.575
861.786
775.025
754.229
843.476
712.71
699.76
761.562
703.23
709.899
680.982
743.236
734.274
758.94
767.233
602.381
838.613
1170.85
929.99
871.653
450.158
801.907
551.079
429.553
551.765
790.779
867.399
978.671
745.513
1252.9
436.573
759.601
539.988
295.085
821.414
831.634
759.736
1000.59
494.549
1224.05
490.982
620.37
1115.03
443.866
789.851
942.279
504.785
344.309
894.095
389.138
951.29
812.725
1122.89
707.065
846.175
739.218
1161.07
815.064
264.666
792.788
906.214
537.171
956.236
1048.31
771.659
926.065
651.01
891.176
231.827
883.057
734.329
900.99
934.592
611.7
1123.2
1160.31
764.25
572.586
873.873
875.717
191.279
413.795
706.258
1048.62
980.474
802.353
938.713
580.832
486.161
531.13
1015.54
810.532
465.959
547.633
865.979
638.51
1010.03
431.95
1165.3
933.051
747.909
285.35
678.844
1142.72
582.518
644.942
775.17
692.615
908.811
651.835
566.77
901.094
566.193
1020.57
472.782
981.024
642.318
894.521
750.398
273.458
1124.92
742.804
758.748
663.924
715.795
878.154
813.027
752.807
480.411
819.982
662.379
636.833
528.042
966.889
423.988
801.229
933.738
710.066
663.771
713.274
1052.6
747.224
403.435
573.487
407.411
240.559
660.872
405.313
1097.88
193.844
459.039
557.975
717.618
738.391
478.992
850.666
601.705
344.09
821.871
681.486
893.445
833.207
679.472
671.498
1141.26
878.322
691.684
842.917
851.634
720.413
652.641
908.042
462.648
695.901
836.319
597.547
527.239
799.324
750.224
1106.89
988.85
713.028
1037.42
1062.98
981.23
734.822
750.511
965.641
659.467
933.74
741.484
960.555
314.563
792.822
755.203
663.923
492.452
1097.01
823.517
585.394
921.002
974.935
721.791
798.09
745.186
640.125
793.542
993.081
739.839
520.476
535.275
743.9
501.783
795.819
886.782
774.978
739.469
768.468
833.806
1140.63
786.924
614.5
602.053
1082.01
1002.74
948.383
688.216
910.395
1941.63
693.64
784.721
539.956
562.018
853.161
1068.92
1414.26
721.464
720.738
685.803
930.245
791.257
972.58
756.686
621.293
1163.31
571.578
943.927
717.813
734.903
912.547
759.806
622.733
577.709
663.68
596.898
885.239
577.965
618.889
990.105
419.2
587.395
1050.51
928.871
887.215
237.622
273.921
249.668
867.498
659.754
949.921
840.265
693.071
911.918
1294.88
816.637
837.676
581.013
548.253
744.791
786.666
1055.25
883.104
638.567
935.027
812.833
776.324
1062.43
1101.93
364.871
737.773
654.945
517.798
335.747
794.014
684.087
314.327
853.876
947.627
522.463
868.301
983.452
1017.27
1403.7
766.797
789.218
595.26
502.599
671.092
870.26
642.306
538.357
797.063
602.512
495.584
889.328
960.828
1004.01
1043.72
412.285
684.614
1173.19
1016.32
173.667
888.065
871.485
722.741
552.022
390.548
814.361
836.922
903.614
871.359
647.959
345.325
852.114
824.496
749.045
922.351
893.022
1139
834.764
926.878
680.065
869.561
823.834
622.875
886.743
396.772
1150.29
857.734
1146
672.509
836.935
524.432
127.728
462.999
751.532
1202.88
785.901
819.953
908.894
968.305
814.108
1163.92
741.232
912.253
1079.4
1218.59
667.171
949.078
570.509
912.292
1012.82
936.55
630.948
663.219
704.44
661.19
379.817
548.553
346.681
871.661
323.575
604.017
1072.74
702.923
943.203
501.835
878.961
822.18
912.827
1061.4
171.983
873.405
1049.79
842.343
829.847
952.555
836.224
640.986
946.906
716.774
474.37
968.227
648.919
775.439
759.513
701.135
754.378
510.921
725.93
368.857
949.978
714.404
796.593
1132.26
951.019
633.668
946.565
796.767
752.079
902.07
806.741
929.63
561.21
754.816
855.53
588.678
741.947
1294.46
662.436
769.548
681.102
669.451
875.459
646.123
1091.84
1018.49
912.501
679.516
933.419
628.085
953.666
516.513
346.213
621.894
788.128
794.129
1040.12
802.619
719.609
604.354
1013.13
886.97
789.903
759.32
357.885
776.909
1370.96
394.734
860.957
810.593
821.045
767.447
688.663
781.054
860.197
686.315
856.352
703.434
869.102
772.047
454.508
842.703
698.088
559.826
488.733
102.382
630.504
124.13
663.791
811.551
1000.1
623.672
822.925
675.199
791.261
804.161
932.975
527.368
555.839
407.095
847.275
714.063
942.73
762.016
749.479
531.427
621.281
1080.71
143.811
684.032
518.19
200.804
492.209
961.848
1059.11
925.971
757.538
640.993
309.631
562.102
1098.19
837.516
1235.4
790.69
893.646
957.174
896.283
793.785
483.25
1240.37
280.625
726.013
662.175
960.043
896.935
722.887
608.717
987.068
848.277
862.823
354.731
983.843
787.223
961.308
1155.3
599.261
605.324
1152.08
549.985
653.576
345.322
579.851
966.21
612.767
717.318
543.929
794.367
746.156
684.82
772.164
754.978
348.192
698.423
828.26
189.308
854.769
840.249
1033.38
458.227
408.555
863.573
395.07
944.239
1063.82
549.887
904.108
437.717
612.659
328.788
847.001
442.174
688.39
684.42
378.17
630.691
1088.18
689.079
992.925
838.991
756.335
774.111
748.909
887.843
518.178
559.366
1051.61
383.717
374.736
729.014
701.079
833.032
765.528
829.042
786.618
1168.94
756.486
672.283
689.183
384.11
750.438
865.931
434.598
733.584
1234.07
715.817
840.96
748.171
1168.43
851.71
866.359
833.945
338.988
723.66
532.051
769.401
567.018
698.886
468.431
836.89
935.185
536.256
993.503
839.227
1180.99
810.467
943.184
939.921
893.921
1064.35
746.655
535.557
535.614
441.768
755.541
1080.3
1027.84
677.455
626.332
825.093
880.297
655.281
279.624
854.594
161.749
632.416
1000.67
763.61
259.83
801.242
327.944
574.868
890.268
969.172
674.541
1066.75
648.732
919.095
695.257
331.387
749.442
863.684
851.264
979.787
932.784
764.233
979.944
640.81
372.961
612.41
834.901
1185.4
752.855
562.714
2115
869.774
1139.18
1143.8
214.426
383.318
873.522
762.795
1016.25
358.771
565.545
1026.3
600.594
505.866
724.163
519.741
525.49
889.093
976.916
362.772
758.577
601.202
950.177
467.234
465.52
1019.89
989.255
689.42
748.974
926.734
536.349
560.497
577.337
794.172
863.969
1327.23
645.728
607.344
918.216
962.617
768.919
900.01
858.267
1141.79
956.871
869.956
519.909
736.532
192.26
890.526
759.895
1096.19
1079.3
483.1
781.77
668.845
800.986
898.569
765.064
872.422
364.842
730.547
582.133
468.672
638.867
892.153
1232.76
771.815
585.042
750.191
533.426
875.199
513.753
587.523
1031.22
812.052
958.556
592.309
557.958
1072.98
830.965
425.434
511.393
694.267
613.255
326.719
864.167
858.253
508.285
581.412
896.89
764.706
1057.24
423.431
840.489
612.194
626.783
898.299
798.999
837.119
659.602
985.182
795.645
937.713
360.562
1026.09
868.035
672.612
1282.12
708.601
610.711
1139.44
938.756
668.67
452.48
598.133
739.374
768.502
840.731
461.931
481.333
831.497
519.019
707.79
791.7
856.32
793.168
529.473
1011.43
720.37
1058.32
992.938
720.855
791.634
589.048
793.919
924.141
793.048
838.175
892.001
691.757
324.908
939.984
1188.69
1153.16
802.749
267.036
627.726
934.464
879.863
162.334
953.306
827.991
801.043
844.95
1033.5
1012.79
690.397
747.849
874.905
322.219
886.203
871.531
516.621
856.267
673.204
978.413
817.564
889.415
509.029
608.912
1034.55
627.334
773.118
299.521
1067.71
716.548
659.612
932.454
637.568
312.265
935.837
500.268
340.176
542.285
733.885
890.674
864.163
694.153
840.894
903.248
831.93
475.223
459.199
1083.15
678.491
818.66
677.104
878.894
920.651
943.898
926.491
815.917
728.006
760.366
761.872
805.06
823.548
860.381
358.419
542.222
952.805
557.198
1051.11
652.856
934.192
894.229
952.842
847.949
569.459
990.579
925.471
176.072
909.271
780.665
601.758
444.946
722.141
717.066
758.547
541.013
803.991
393.793
1079.85
1038.51
961.207
850.291
602.121
774.568
763.134
514.713
527.45
575.345
846.191
1177.24
1159.25
1127.68
737.429
267.915
450.797
647.921
544.394
800.721
956.629
564.313
551.568
469.911
499.981
724.412
795.177
807.396
837.308
889.082
755.754
806.34
460.519
706.643
838.435
714.157
419.866
724.011
979.836
889.005
639.659
791.474
851.702
913.582
726.71
501.848
814.938
469.924
1082.28
903.218
495.095
256.538
779.887
499.371
1036.24
738.845
1151.22
573.375
935.669
888.977
438.871
711.453
1055.51
700.592
693.004
1047.17
906.028
552.158
797.203
784.268
852.489
717.032
834.403
1239.01
616.249
621.394
490.681
764.473
661.998
742.167
835.696
966.525
770.445
728.475
706.237
663.545
800.768
606.347
348.378
1188.23
939.54
397.396
794.934
759.483
1414.88
928.097
875.623
1237.46
742.606
788.347
607.785
917.352
629.374
624.184
530.305
810.895
911.674
988.343
889.633
776.094
631.648
361.851
643.415
526.766
864.752
854.479
802.084
584.971
906.987
937.642
579.04
505.987
1228.6
1211.57
767.347
975.2
1092.47
257.759
492.748
816.347
551.656
625.616
677.399
716.389
648.483
686.577
859.034
512.825
800.422
867.906
947.138
738.991
355.381
528.757
862.157
750.752
883.297
1057.79
931.41
791.19
649.533
694.269
961.104
973.414
1055.23
414.973
464.663
623.465
379.375
1067.86
610.996
442.872
551.677
685.144
1026.98
733.315
1170.12
599.954
613.517
700.193
1109.6
1146.6
330.423
560.294
518.347
1018.34
482.661
935.384
973.388
727.944
917.885
976.814
689.665
472.297
761.082
775.784
614.38
1045.34
807.632
791.142
914.7
546.007
707.648
694.746
944.889
1115.09
774.302
851.944
234.916
412.73
537.688
778.078
516.122
805.6
829.94
702.194
313.696
801.543
462.084
918.152
1046.15
350.104
886.21
1114.64
900.926
1235.54
674.901
884.262
650.932
278.788
852.02
739.845
586.174
1053.44
644.789
928.969
584.898
614.451
231.002
1045.41
996.397
589.014
749.174
338.609
355.494
515.947
835.654
689.499
863.97
1020.61
577.43
783.113
985.82
58.5378
891.966
443.242
778.875
891.768
775.153
907.304
570.572
791.98
859.552
837.212
739.863
759.152
639.139
413.922
472.54
990.234
603.393
277.5
876.876
490.572
565.306
561.998
740.609
744.753
574.425
1045.75
614.684
577.435
721.392
477.208
741.635
670.614
922.205
993.306
530.961
536.621
825.955
245.88
729.768
948.533
790.775
359.864
802.329
498.722
1035.52
723.702
779.532
733.097
172.545
744.129
618.168
427.277
466.25
585.753
892.063
644.623
629.283
807.323
820.344
717.764
870.523
191.923
551.485
852.286
382.119
522.97
760.394
788.557
1180.45
474.636
411.545
1060.53
944.229
679.652
927.853
381.573
1135.99
380.611
429.153
296.323
779.944
749.019
638.378
660.914
718.866
637.895
536.107
980.663
417.161
611.519
904.377
548.996
686.568
872.088
788.314
676.839
681.443
577.81
749.991
953.446
592.678
443.535
395.148
624.724
682.767
708.815
746.21
677.886
188.696
684.546
818.036
843.906
497.27
762.43
922.322
706.521
1002.49
391.04
877.303
935.3
453.861
681.752
363.992
863.089
554.396
241.312
824.909
862.847
690.874
643.548
854.543
868.693
228.649
982.681
660.965
690.836
896.602
952.405
837.263
663.512
929.75
563.551
613.372
956.588
996.17
693.287
1071.18
562.689
1028.29
768.147
978.688
668.824
837.745
537.362
364.951
871.42
714.01
855.586
726.697
479.367
480.485
893.082
705.805
626.893
771.892
453.758
830.722
601.975
610.831
885.295
241.215
463.691
745.553
575.116
560.555
923.811
787.492
906.72
894.013
884.109
628.201
519.16
926.112
1036.21
705.088
792.812
777.928
762.591
953.604
637.534
1106.1
790.7
784.005
914.182
626.237
665.801
1292.52
506.791
785.839
629.843
589.67
907.75
724.464
869.954
822.521
893.047
995.268
642.223
823.489
220.367
813.254
729.899
909.1
653.27
761.512
747.036
503.9
958.566
517.229
1080.49
1047.78
781.031
332.014
763.376
806.557
949.151
825.011
737.221
755.822
840.232
184.874
1121.69
832.555
676.355
529.565
956.311
923.874
1042.9
854.395
938.548
898.477
1015.94
928.285
517.366
1019.73
839.529
942.963
675.775
736.742
847.231
965.695
756.505
935.525
821.91
1067.92
987.472
360.804
873.602
923.806
644.256
614.271
957.421
741.483
803.91
432.037
514.048
1115.7
773.692
1063.24
702.978
1034.46
851.643
617.943
747.505
824.786
657.601
1010.02
868.799
911.151
836.609
289.519
548.939
859.442
660.509
1394.92
636.467
845.061
611.16
918.145
398.178
843.049
1146.86
365.796
771.256
499.98
510.428
973.36
331.589
973.28
840.896
750.375
888.821
570.596
332.157
712.927
557.718
1060.72
551.877
795.938
790.523
798.496
899.138
551.062
942.324
1181.44
923.082
863.363
1036.1
927.952
563.381
552.819
988.275
568.242
638.165
450.697
503.317
605.181
661.726
674.208
619.349
987.231
712.631
738.597
490.469
947.315
820.115
961.788
707.862
853.18
818.698
161.579
1262.25
1103.81
594.643
414.889
1139.94
560.431
933.725
339.17
921.788
787.46
639.428
437.07
650.165
818.495
599.497
1018.26
900.247
989.203
1019.26
922.907
1013.37
789.217
839.232
578.914
924.453
737.489
759.503
214.692
604.411
462.638
507.399
919.281
833.533
618.146
638.828
742.402
681.231
744.334
922.791
725.329
575.38
230.791
520.408
865.513
525.91
819.862
757.683
502.222
960.75
1010.78
740.719
716.034
667.123
744.531
732.296
871.806
1027.13
753.635
1033.64
793.297
870.375
932.179
920.442
823.261
517.931
599.013
614.415
628.562
766.501
504.595
825.532
1055.27
572.549
784.707
519.695
458.771
523.655
780.23
488.281
944.862
654.987
954.178
907.431
927.507
829.105
800.616
815.591
995.838
226.338
443.704
929.827
321.991
839.026
861.947
830.154
552.454
684.74
858.266
952.649
618.623
787.858
1033.87
915.536
332.268
plan_time_all 1.7908e+06
