37.4073
67.8459
83.2692
105.076
95.3636
157.277
71.4317
154.907
158.625
88.5174
32.443
67.9865
113.022
132.237
50.7931
119.215
122.047
100.891
139.398
88.1768
127.19
22.5433
76.1918
21.368
165.282
118.553
85.6105
128.695
83.553
58.7643
149.341
72.671
67.1776
33.2825
42.6898
66.0211
118.99
75.9016
48.9131
62.8333
76.7123
78.8166
88.4819
68.07
153.312
183.099
49.522
31.7858
145.511
128.332
41.1957
50.4984
10.2144
53.2957
49.3462
56.8782
78.6618
77.5012
154.648
120.508
27.4588
161.6
61.6245
117.952
62.0804
38.7271
106.773
122.957
6.61451
51.1268
148.27
68.5561
175.385
52.3013
44.4452
187.958
43.5872
52.6538
173.966
126.605
25.2014
93.8806
63.1868
60.5347
20.0332
57.7842
98.6426
120.367
80.5286
113.649
146.13
81.8176
102.432
33.9663
29.406
209.596
57.0371
74.3735
115.561
36.604
59.2862
41.2743
96.2949
43.1866
26.6316
73.0698
80.0853
48.6564
102.799
178.027
109.584
91.7899
35.4282
22.7122
69.4422
190.466
82.192
111.02
32.6969
85.9311
54.7651
50.4799
200.92
101.089
71.8548
101.78
102.381
77.3876
79.643
133.758
60.2425
38.6017
68.887
98.3131
35.1112
95.6923
49.3194
53.5997
153.228
45.7108
66.6203
101.884
42.1356
46.4837
139.132
39.1282
133.698
113.639
81.1534
109.835
111.543
31.0277
52.5331
75.9039
17.8715
110.686
146.119
59.7273
99.3851
34.0604
33.7218
21.459
31.797
44.1839
70.3418
71.1469
141.178
115.418
41.89
175.859
111.779
73.7952
122.079
91.5633
124.787
104.905
52.0468
94.6095
135.747
23.1858
44.4488
92.7589
106.628
127.713
54.7343
88.2216
128.699
56.1238
112.215
95.8533
150.707
97.4409
115.86
24.2429
56.7188
31.1442
96.3366
24.4087
122.033
36.3383
73.5142
79.5416
182.097
117.828
80.3054
102.197
148.288
93.1299
30.2409
159.016
146.09
85.0247
76.3292
48.7634
144.363
85.9192
86.0365
40.7479
127.9
96.0551
102.892
137.748
149.824
111.512
85.3835
92.4434
120.198
159.653
84.9838
17.768
10.4176
52.4294
37.2501
55.5991
10.5911
140.322
102.895
70.5159
113.835
148.982
148.447
124.783
55.7006
138.267
104.887
40.7154
115.185
146.249
50.0341
186.584
71.6515
131.994
79.4463
141.032
170.455
117.064
66.5276
75.3161
48.9645
63.8178
26.8526
79.0587
67.4702
39.9236
193.805
100.09
37.0109
120.151
59.6541
57.7708
109.3
75.6331
138.801
86.9817
95.8345
83.4955
188.861
81.6983
128.473
162.303
30.8869
84.7855
139.088
162.451
179.689
129.124
132.529
86.1245
114.204
100.416
23.4689
118.018
99.6485
61.8456
170.286
158.892
54.6989
58.1311
108.233
168.683
72.2829
106.225
47.7813
38.3476
156.427
83.5367
70.569
31.1335
88.5956
52.6839
184.457
57.7429
37.0327
110.516
39.1794
156.441
74.2507
11.458
114.021
176.59
27.3353
130.535
140.868
97.0511
60.2715
70.2613
51.0204
113.745
136.186
33.0472
89.1678
128.035
56.1708
43.8869
50.6652
110.985
74.3431
115.381
90.3647
72.3218
141.414
126.703
72.1845
47.5812
123.002
40.4372
92.3862
44.7016
146.026
145.329
60.9906
105.626
75.1946
132.11
127.761
158.178
145.232
68.2626
86.2332
115.222
87.2384
79.007
35.2851
152.706
70.5357
125.191
73.4846
83.7861
56.028
130.106
112.975
26.6772
98.4555
78.1498
147.032
113.896
19.5189
64.7016
70.7374
134.457
64.5014
28.9275
131.945
80.3613
162.712
32.6931
35.2396
121.306
67.6718
95.8107
54.4221
77.3619
51.5179
52.4903
147.123
38.6973
91.9793
97.3306
137.856
127.312
88.0971
89.2858
137.822
110.848
109.607
109.556
67.2653
29.5172
105.796
144.678
21.0339
118.943
34.9685
50.9698
21.1525
129.879
189.404
41.2898
168.067
133.236
107.299
80.9626
69.2595
31.394
90.1132
96.1694
24.3815
34.2942
89.9567
10.9388
163.99
115.413
34.547
67.6118
126.889
54.6725
52.6443
101.682
63.2069
73.2029
86.8888
79.1589
84.3253
44.9845
75.1938
170.7
86.3972
79.1368
75.7512
115.227
63.7895
77.7438
102.122
104.857
95.4605
95.5585
39.943
155.831
89.1767
87.3039
174.298
107.177
74.7217
66.7299
108.969
65.8192
52.9454
38.7544
151.14
35.8041
90.9869
82.3592
58.6334
103.855
173.485
140.463
149.055
45.4154
88.6288
141.716
152.654
26.9902
69.493
155.666
78.447
27.9376
24.8859
66.1718
105.795
49.9661
134.791
105.546
187.864
118.998
109.722
110.906
96.3898
89.3119
36.6341
99.9227
148.028
107.032
82.9514
119.181
108.263
46.9512
152.319
37.497
98.3061
177.434
149.738
133.641
62.0811
48.8141
118.42
92.3319
63.5746
132.176
147.733
51.3916
141.685
61.3906
96.4535
39.1919
86.6369
8.29274
35.9017
93.1547
48.9535
138.764
38.8046
57.9718
136.499
43.6018
162.686
95.0914
39.4831
69.751
133.285
37.334
141.186
158.295
132.132
57.4501
85.567
128.95
64.8494
126.545
35.5466
109.064
69.958
56.5414
144.16
66.1481
119.965
140.085
124.827
43.1032
155.02
163.097
16.117
73.5997
100.101
143.107
86.7362
46.2943
78.2755
97.3992
51.5622
91.7801
40.9587
43.5116
124.779
103.482
122.77
133.904
43.8549
40.4416
121.834
117.723
131.935
116.487
106.201
97.6854
99.0809
82.0946
80.1101
69.408
78.9103
24.7148
60.3731
151.725
63.3236
41.4808
66.463
45.6578
74.1172
113.522
142.586
137.61
172.934
55.3244
31.3698
58.6681
88.9137
25.0526
126.31
57.0555
150.343
72.5517
136.994
80.8725
76.7784
99.67
38.8184
118.555
94.1574
109.775
121.948
90.3298
82.9366
116.177
95.2819
145.581
42.7705
67.4932
82.7612
95.2475
150.755
31.3369
67.6074
26.2201
103.659
104.823
104.305
30.4204
91.7001
95.4797
15.0346
83.6948
68.06
146.987
124.773
164.043
67.8665
62.7458
103.411
30.1833
9.70766
71.4814
144.092
163.665
74.3169
114.196
110.987
110.271
26.3837
71.4108
178.736
179.116
127.778
83.0806
24.0114
25.1971
150.527
129.01
63.3517
58.4764
97.9582
85.2935
164.148
38.2122
166.813
122.427
112.708
165.824
64.0043
38.1258
62.8356
78.6123
26.9265
188.689
76.2232
73.9643
132.616
60.5829
45.0399
50.4652
19.4736
65.2843
55.493
71.0392
80.6781
117.573
104.037
126.384
133.837
121.443
27.7131
74.993
118.056
115.874
95.411
113.448
112.003
57.7009
49.2812
12.783
142.75
97.6644
59.9159
123.232
53.9873
75.9269
37.4549
23.9861
134.38
66.035
85.7214
69.3115
110.542
53.961
49.7667
37.8356
42.199
130.005
85.224
94.9552
146.391
125.576
56.6047
34.454
109.499
53.7547
155.536
78.2575
100.652
29.598
155.012
105.332
67.6828
115.127
57.2939
127.967
135.907
54.8938
163.335
63.4105
88.6157
48.464
182.723
135.907
99.2959
50.1668
82.3816
32.5855
107.217
141.287
53.7427
51.6771
124.134
41.8753
59.4312
115.505
83.2621
23.4504
168.201
120.434
57.816
182.166
118.409
133.511
88.1736
28.1828
128.279
86.1446
96.931
111.7
49.8865
119.968
152.235
58.444
129.49
59.9347
105.007
86.8341
185.449
66.4245
154.986
64.0025
62.9892
98.6109
128.757
137.244
84.0239
95.2681
94.7134
34.5247
120.071
63.8861
81.1056
124.033
71.3657
106.202
105.374
67.4525
61.2723
92.1347
174.824
134.159
47.9651
92.9693
106.891
37.8904
94.8654
129.144
129.311
163.181
139.154
182.567
29.2877
98.6555
99.7574
16.0891
93.6682
70.4051
127.224
124.206
46.9827
156.726
33.4241
99.7247
178.454
48.8138
52.9223
140.809
60.713
17.2112
101.876
42.7433
89.0037
101.624
121.09
76.3242
130.891
105.866
27.8499
151.788
21.0384
124.599
92.5685
36.5675
116.667
73.0507
120.766
153.224
50.9071
170.712
16.362
130.302
115.66
152.672
189.545
59.8905
88.382
187.324
71.3231
51.7196
141.18
72.8834
17.0654
35.6271
52.2748
110.005
67.4121
97.8549
171.618
55.5579
92.0759
32.1802
133.892
106.619
24.8416
85.2117
110.919
73.2479
181.311
55.317
171.877
157.137
52.5846
20.7912
92.7457
116.715
40.1634
69.994
150.529
74.7999
83.0576
58.5635
73.9381
90.5913
27.4867
138.264
23.4412
132.425
105.146
73.6017
57.7007
37.1069
76.7496
83.0955
108.137
86.7729
75.7111
127.652
79.8027
35.1342
56.4666
158.443
85.5733
71.0999
38.7371
51.9627
54.3043
114.263
87.4942
66.8529
32.5247
45.7442
158.179
119.095
32.889
68.314
53.5284
28.6525
54.5661
74.4295
126.286
10.467
41.5741
62.7902
110.485
106.745
76.1413
107.489
70.026
30.6092
95.9321
80.1886
171.585
136.637
88.6787
88.3726
81.5455
110.108
101.639
95.3594
137.926
77.4494
118.656
64.2058
38.9357
109.216
154.007
64.8996
60.1208
68.7999
162.193
160.799
86.0021
89.0528
132.176
58.3787
64.3556
120.962
76.1771
80.8227
45.8332
106.532
88.1429
117.232
28.7484
141.678
94.1706
75.4607
35.7593
203.66
67.4808
37.8988
123.676
76.882
97.64
86.9326
136.168
90.7006
101.959
109.995
57.014
65.4801
54.3557
30.628
44.4514
69.1076
115.176
85.6588
93.2615
117.616
119.377
109.479
119.981
66.2513
56.2633
135.419
109.234
83.9491
75.6919
99.5644
41.5143
67.0018
99.0108
74.2174
40.1473
56.6387
108.002
160.503
104.458
106.926
126.257
89.7949
75.5682
159.398
70.1904
30.4547
138.27
52.7658
87.2649
144.672
73.8285
51.7305
102.625
78.5448
79.9369
78.2168
41.3882
92.2243
69.2651
77.8802
109.712
65.9552
91.4971
170.868
162.462
140.202
40.6967
26.9833
36.2687
100.142
49.532
162.447
160.401
103.381
84.1105
80.2564
87.5576
150.808
98.3754
87.7639
68.5683
110.583
154.137
111.923
93.3748
141.412
124.279
59.5276
176.532
155.778
65.7654
115.835
104.718
55.012
38.1368
150.587
98.8536
29.1283
144.668
140.301
40.4726
135.523
76.3215
86.7671
170.032
110.964
125.749
54.4615
48.3062
76.1825
144.141
46.2585
39.766
68.6213
57.5486
39.3991
147.176
91.4595
137.491
94.4294
47.3074
85.6296
86.5821
141.517
20.6214
127.817
93.5151
68.914
60.0944
55.5257
128.762
143.651
119.212
61.6283
90.6001
17.4117
143.905
99.3174
117.713
111.029
60.1519
82.1039
97.0085
94.5251
57.7748
97.1523
115.964
92.99
167.041
50.7588
133.065
149.284
181.321
96.5072
69.75
57.4011
11.1184
25.7314
124.971
190.024
68.8961
133.675
107.699
80.7145
132.665
175.219
28.3102
164.911
148.733
40.1352
43.2367
67.2532
75.4527
112.185
129.03
115.809
43.9336
112.909
119.532
57.3309
17.8136
86.7474
10.1526
69.0277
29.7471
100.767
145.18
43.4889
117.66
54.6533
121.989
185.688
118.204
196.779
30.5636
79.8853
112.963
149.236
134.733
121.378
65.4666
67.8372
110.265
156.381
30.9922
63.4632
83.6994
125.537
74.3977
68.9507
128.968
90.881
125.879
23.5868
128.46
78.4689
138.083
131.827
70.5698
115.504
172.429
86.5997
82.4069
111.469
118.488
118.622
74.3995
130.626
103.383
73.8058
181.195
202.928
40.4591
124.232
55.9972
71.4635
70.4738
109.738
115.238
81.3259
169.838
75.0834
89.6813
68.9447
109.323
55.4007
7.35555
72.5622
153.983
158.804
135.505
140.942
101.079
66.6424
115.764
47.939
70.2616
94.0654
31.1641
96.5445
210.535
42.8597
144.5
132.78
111.333
163.899
162.544
108.4
153.261
39.0709
83.2263
85.3397
120.449
140.661
66.2288
85.2623
60.3904
27.1831
37.2544
21.5192
74.7228
24.2187
74.596
43.0698
127.92
64.1116
120.169
90.5995
153.057
132.925
91.0049
50.5882
55.4486
36.4945
59.4805
102.97
128.283
74.5148
77.7072
54.5618
60.1052
105.123
19.0701
51.4957
74.83
34.717
44.4664
96.9409
131.038
86.2022
110.532
87.6883
44.5279
70.7861
166.929
114.644
192.428
89.9232
140.745
100.611
143.485
65.3388
67.7817
82.027
17.5639
62.8608
100.866
137.664
142.042
107.319
78.4235
181.8
145.522
86.1183
34.6026
50.4857
79.3545
119.596
148.204
67.3246
64.803
79.2932
61.128
43.454
48.5744
108.838
78.4069
93.1881
91.374
66.2917
70.555
74.3918
56.4938
120.998
156.465
26.5301
104.532
99.9133
42.6378
157.595
98.3928
137.148
41.6962
54.5904
104.597
53.1614
120.433
177.871
73.5551
118.774
58.1024
93.242
23.0747
126.551
36.6753
51.9172
34.8979
27.7242
71.741
150.695
105.902
91.0033
140.456
81.6504
57.8285
136.882
110.296
33.6756
76.9682
151.602
32.7756
22.8406
42.6278
120.684
74.673
102.751
88.8414
125.681
115.385
44.3397
95.1081
84.5055
48.0233
78.4131
85.3595
66.2889
36.0331
134.798
108.53
112.341
98.7101
75.1278
83.2194
136.001
122.306
31.1072
63.1454
51.8247
125.276
40.2114
70.8732
56.0667
188.759
150.829
70.5433
150.262
127.592
172.227
70.9623
125.447
125.415
70.0228
74.0751
117.07
77.9607
104.065
51.1706
93.4765
32.464
105.33
30.0114
79.2043
125.853
148.46
58.7742
31.5541
105.166
38.8602
26.3162
146.9
139.145
34.0059
23.1593
15.3039
105.838
152.988
114.111
146.445
61.7136
45.6091
97.597
53.2767
57.8997
94.4112
68.1055
90.1083
157.842
70.334
84.2226
155.834
90.3975
20.6125
107.472
132.896
135.611
77.5605
40.4974
26.1882
137.398
152.706
88.3101
25.7713
52.7664
147.404
90.5283
149.09
37.2279
57.7256
143.106
47.0544
17.0963
45.6456
52.2634
32.9439
72.5797
137.023
50.5898
74.8055
56.4385
105.785
47.7511
26.8758
168.38
171.133
83.0239
136.905
85.9985
126.767
47.6024
129.229
68.6745
140.769
165.002
66.958
51.6935
148.762
133.632
70.1224
80.8412
53.4294
196.119
91.148
167.606
48.191
91.3298
34.4466
136.744
107.121
116.691
116.612
71.8283
82.2751
42.4745
133.207
36.7374
109.195
92.0794
46.1507
126.011
61.5149
65.6614
82.7906
117.351
154.206
155.471
76.863
66.1965
78.2813
101.676
47.5828
57.4388
117.392
83.1805
67.8889
74.7347
58.8681
147.656
94.1334
28.4212
40.6894
67.4866
102.479
22.3436
126.085
108.311
25.3732
55.8025
117.453
72.6205
117.02
40.8443
77.2059
118.447
122.335
157.298
131.13
119.454
63.1235
108.605
57.9934
136.904
18.4922
149.819
151.986
66.7069
81.4298
81.8773
65.8623
143.186
104.77
60.6436
42.7447
111.23
114.369
123.695
121.69
65.843
52.6802
144.052
30.0805
131.74
70.3885
108.932
47.9017
79.6403
187.353
57.9449
179.9
137.898
145.084
97.7233
86.7702
64.7361
122.359
93.2355
100.154
133.855
70.2804
19.3546
166.77
159.083
95.7195
96.1199
56.8614
99.23
110.514
72.5213
18.2122
77.4527
100.312
120.183
139.437
123.422
164.562
78.1824
104.163
85.2024
21.5539
82.137
89.5201
60.3216
123.066
83.4292
183.147
36.7079
132.873
37.3478
65.3953
142.765
100.923
69.6229
26.1304
163.394
64.4394
70.876
79.9781
85.2332
21.1467
56.5016
28.7659
26.5213
59.7468
100.064
123.005
86.6909
70.2626
113.913
42.1477
96.3666
68.3216
21.0774
129.293
46.0286
87.571
117.108
102.535
127.492
164.8
96.8899
110.967
147.564
131.919
98.4802
73.7303
120.063
58.4456
29.2159
73.3022
161.834
46.7362
120.593
75.628
179.507
69.6376
142.947
161.955
101.477
141.843
122.362
29.6797
82.8106
93.307
49.7076
45.2919
44.0956
113.959
111.653
61.9897
168.239
24.4971
110.276
96.2022
156.793
125.49
85.9134
113.205
125.486
69.3347
55.1866
69.321
128.611
175.582
213.554
168.777
70.8491
21.6359
72.0125
138.118
60.4845
93.3866
135.322
103.78
99.7192
58.75
56.3645
50.3755
105.265
121.715
114.091
77.7211
99.8869
147.697
45.9449
73.9804
120.146
59.5164
49.5742
91.1446
128.058
114.19
59.9392
96.6414
163.584
102.334
135.255
70.5071
44.7958
37.3321
163.773
160.952
79.0199
21.3528
102.782
47.3355
150.296
119.634
123.427
50.7259
90.5099
104.623
28.1458
85.2395
105.596
107.501
58.1702
164.312
117.878
100.676
156.265
108.186
107.878
44.3234
170.058
42.9511
64.3647
100.245
80.2196
63.8679
54.8018
79.9114
106.447
138.227
144.858
113.128
49.4426
99.4155
66.4897
44.105
38.2278
24.3359
152.084
46.7053
141.842
78.6486
49.9407
109.954
132.336
125.376
71.3029
92.1112
111.412
102.092
46.4205
73.9502
50.6849
73.0405
99.3152
141.24
129.639
131.647
50.1244
40.434
100.07
86.2821
141.858
115.671
49.4143
33.7658
97.1433
79.7639
67.6533
47.1255
63.1351
152.96
57.6428
81.4238
69.0268
17.3983
66.268
118.278
83.8679
51.8294
38.7784
112.391
72.3086
120.843
76.1999
71.1593
122.879
43.4792
130.969
78.5248
22.0414
102.407
125.779
114.319
157.509
129.938
127.764
55.6596
100.822
45.2863
48.852
146.388
112.135
16.225
39.2698
77.4158
28.7108
141.7
84.2472
44.8416
88.3634
138.805
182.499
87.6991
121.66
38.498
123.831
54.9333
131.069
181.046
60.9925
69.1785
46.209
56.9748
37.2817
143.679
182.259
95.1918
129.524
87.1582
33.003
80.5157
88.226
61.8537
56.0219
109.645
97.7471
121.315
66.629
54.4234
52.021
91.4263
146.51
129.213
136.372
91.512
35.9786
60.3312
41.407
90.5469
100.94
93.0255
123.407
62.692
28.7066
113.483
38.8684
62.4787
44.0192
23.2307
101.233
164.4
124.83
186.726
129.08
78.1439
69.6202
24.7931
117.47
93.4498
73.5423
179.278
86.9911
114.961
88.7978
76.7761
24.8797
161.406
145.471
69.2452
125.225
41.6571
47.1721
63.7613
59.6507
77.5357
111.489
156.321
92.1834
100.843
104.99
16.8995
125.493
38.527
99.4477
69.5467
104.534
196.701
44.0678
100.774
149.566
114.779
88.8455
123.174
50.6943
59.3511
76.3309
144.536
47.3443
30.8039
87.2319
35.5267
46.7481
67.7572
102.998
129.12
64.5641
110.174
49.7926
61.4914
82.9775
31.9697
100.081
46.5712
154.639
123.277
91.5849
54.439
62.1288
17.7729
52.5356
114.234
114.142
33.4182
120.153
32.4312
91.069
106.697
79.0119
103.881
7.86035
13.4816
74.5358
39.7948
59.9361
56.8841
88.785
101.717
33.4318
99.9175
100.683
44.3294
71.1637
21.0147
46.7512
155.629
33.3481
31.1303
56.3563
90.1288
168.968
46.1214
37.9171
168.045
127.369
49.3739
117.025
60.3938
199.82
51.7359
58.8849
40.1351
48.8961
88.3457
125.828
43.8601
98.4771
50.7103
79.5724
150.622
43.2651
79.3531
115.672
28.5074
140.115
90.4933
130.698
85.527
102.392
70.183
100.695
126.875
88.9452
67.5538
47.7179
72.7641
36.3341
123.233
155.026
104.827
13.475
71.6955
108.898
123.769
80.9923
120.948
114.989
82.7908
170.885
26.7803
135.391
154.023
46.9055
59.1616
33.909
93.0404
42.7903
19.5862
94.167
111.002
137.18
64.96
128.969
83.6779
36.9754
125.667
50.0912
66.3741
118.639
60.7582
90.5236
87.1518
135.912
65.5356
77.1009
128.086
108.066
93.4093
115.499
60.2219
113.012
120.898
163.858
73.7016
138.677
57.3715
40.6282
159.481
85.3581
129.399
132.412
40.3877
61.1326
61.3725
73.1205
93.944
73.2004
31.6054
126.782
72.3956
51.7396
84.7009
14.5791
40.3088
74.5134
88.5767
60.2513
112.634
126.015
122.865
97.4742
74.6206
118.029
32.2719
46.7331
157.435
139.737
79.821
66.5127
96.2376
142.879
48.7855
102.169
129.09
112.029
155.491
105.043
70.0888
117.914
99.9007
132.767
66.22
121.01
132.893
113.248
80.9378
122.972
171.629
109.605
79.4931
131.289
12.6848
168.125
178.26
102.589
51.1351
38.8184
67.8331
54.1768
132.026
71.0763
162.13
158.75
133.926
19.1244
92.4798
55.6107
120.362
47.9477
171.363
104.453
113.559
31.8006
127.813
101.904
70.7782
85.3721
106.578
60.2297
176.318
175.384
65.8839
115.694
159.414
150.746
38.3261
165.656
71.2027
171.123
46.8203
112.798
132.763
155.78
76.6577
89.7101
88.8193
103.519
154.178
47.6239
155.016
80.2165
59.8835
64.0768
93.6831
75.3527
86.9007
41.118
90.521
128.268
144.587
156.625
91.8198
160.713
162.605
33.3679
105.553
108.605
103.091
162.404
73.6326
142.096
74.4697
24.6999
69.1886
125.896
61.2197
140.755
133.117
133.271
114.455
94.8183
6.21136
105.584
112.036
18.1136
92.4755
41.6062
38.3996
147.969
34.325
99.8584
156.239
70.9821
104.795
47.2147
21.7572
51.2192
50.5277
145.789
79.0687
107.818
89.6188
62.4527
164.319
64.3124
96.2895
45.3848
119.583
150.886
125.739
78.5025
73.1706
56.6594
154.359
74.3322
54.5622
34.8312
48.1064
68.8044
53.6004
70.07
39.1169
105.329
134.183
185.824
68.1596
66.2522
95.9078
91.1614
114.689
102.533
119.076
23.9688
173.381
114.53
60.6259
35.1527
57.689
74.081
145.988
28.1945
136.506
138.479
77.9695
39.9035
35.2654
121.82
68.3688
147.054
76.8611
156.842
135.228
220.548
139.565
125.605
124.642
52.7447
118.241
78.5587
58.5774
30.6274
66.8513
65.1655
73.4883
122.745
104.626
107.36
72.1081
83.8215
90.175
105.04
124.962
81.8273
61.5514
16.3918
99.4164
114.535
54.944
125.021
121.441
37.7507
169.981
130.957
100.126
34.5974
86.5948
71.8795
116.735
81.713
101.684
109.294
46.7178
57.6399
121.941
68.8298
145.591
81.628
48.1308
86.6698
77.8824
136.335
146.035
62.3536
135.44
141.463
44.189
40.5972
27.3993
102.581
75.3065
134.029
81.889
92.3577
123.677
96.2297
127.178
134.233
133.906
88.5491
144.399
85.4192
11.5979
92.3763
158.554
30.7321
110.382
106.163
89.9699
38.8446
53.1589
58.9252
112.494
89.2819
139.007
163.134
164.865
26.5548
traj_length_all 217665
