1523.09
1915.17
2364.09
3040.26
2470.97
1350.08
1858.25
1202.36
1203.27
2212.68
657.699
2641.29
2043.06
1789.29
4157.13
1588.7
2469.93
2149.21
1882.66
3110.06
1180.74
1801.1
2051.4
1858.03
1223.34
1582.95
2070.03
1950.86
2385.7
2660.05
1525.36
2738.88
2587.97
1390.07
452.644
2694.82
1728.33
2463.61
4178.53
2513.09
2429.3
2638.44
3034.53
1969.49
1276.61
927.667
2860.17
668.308
1157.97
1403.01
1529.93
1830.11
1862.5
2416.03
3605.98
2198.78
2568.91
3067.02
1189.71
1272.24
242.091
1386.33
2349.14
1618.01
1767.65
1415.37
2361.94
1522.36
86.2922
1880.71
1292.1
2392.24
4591.86
2191.81
2631.77
1040.09
3260.44
2598.99
1173.62
1736.82
2092.12
2287.84
3353.78
2907.49
962.976
2526.84
2452.51
1292.28
2909.53
2447.98
1240.67
3630.51
3035.53
1815.87
749.419
1018.8
1794.87
3153.45
1917.83
4046.96
2383.65
1758.65
2159.85
1064.9
1366.55
2589.23
2944.23
2764.18
2421.68
1179.15
1214.75
2484.96
1241.81
349.738
2649.42
944.83
1740.65
1821.93
1778.4
3652.88
1937.43
1789.62
874.397
2596.87
1731.28
1925.28
1879.61
3156.91
2216.9
1338.38
1852.88
2192.51
2605.67
2313.41
1678.68
1810.33
1957.14
3524.04
1251.54
2051.41
1877.22
1671.59
2692.78
2672.72
1258.22
1979.33
1344.55
2115.18
3634.12
1812.9
1870.75
1711.86
2902.33
2909.24
898.129
2321.57
1255.49
2333.51
1815.87
4800.98
600.395
968.062
1062.46
1797.03
2114.52
3969.5
1490.37
2101.14
2474.07
1365.13
2723.74
2263.42
1353.33
2352.61
1842.88
1985.24
3420.67
2948.77
1477.6
1171.41
1760.17
2614.03
2039.39
1669.55
3860.21
2729.22
1708.53
2193.08
1906.81
3052.39
1232.3
2578.43
1597.43
389.684
1683.66
2876.81
1842.22
1021.38
2248.48
924.95
2404.81
3304.86
1123.01
1867.3
3795.76
1940.98
1199.37
2822.2
1208.19
1140.82
1541.28
3115.51
2929.48
2904.56
1669.98
2171.95
2419.68
1396.63
1314.31
2549.33
2247.79
1580.06
1099.01
1609.73
3575.61
3185.14
1393.86
998.626
2631.33
1804.4
402.523
2668.6
2143.61
3656.88
542.074
1346.99
2100.74
2468.2
1925.06
1370.48
1156.64
1666.11
3079.86
1323.14
2047.13
1437.65
1934.55
1201.27
3122.28
929.103
2104.02
1484.6
2862.49
1453.78
1288.81
999.362
1545.44
1465.15
2550.25
1440.71
543.602
3453.92
2467.5
2279.74
946.326
1852.53
983.884
1517.6
5948.15
2612.31
2353.69
1978.76
1066.62
3776.73
1939.5
2583.78
1023.39
1853.8
1217.33
1051.82
956.402
2219.9
1269.8
1102.65
1135.53
1717.39
1654.57
2477.7
2165.27
1675.31
2170
1448.27
2155.37
2753.36
1129.23
1164.45
1856.24
2753.89
1832.71
1091.84
3791.58
2215.62
3186.2
1283.3
1386.22
3403.33
3152.81
1355.44
3323.76
3397.85
1062.46
2887
1806.07
2416.84
1105.8
1252.1
2431.96
366.96
2024.48
1082.05
1525.85
1261.64
1334.7
2762.94
2411.7
3532.76
2058.13
1598.62
1843.58
821.954
2883.04
1800.93
2095.89
1483.3
2007.35
1244.44
2291.32
2235.06
3073.61
2495.23
1673.31
1358.67
2175.11
1821.49
1941.42
1921.67
1495.35
1901.28
1174.96
1265.79
1801.97
2726.76
2889.19
2017.98
1775.33
1147.67
1245.9
2163.41
3104.19
2209.31
2600.39
1918.76
725.666
1301.44
3021.53
1551.95
1824.59
2769.47
4866.48
1406.34
2359.7
918.481
2374.19
3605.99
1421.02
1743.63
541.992
2464.6
3258.27
1299.86
3259.05
751.002
1292.23
3505.38
1101.41
317.585
986.46
1504.19
2167.59
2389.18
1643.34
1867.22
2661.06
3327.89
1179.92
1037.09
2368.37
2917.39
1198.41
1386.97
2755.03
2522.7
1364.81
1750.28
2537.39
1782.24
2721.19
828.882
2363.28
1176.62
202.38
1320.41
1674.03
1017.87
489.379
1586.28
978.438
4793.03
1291.2
1227.71
2607.3
2666.46
2622.16
1028.61
2823.57
3565.07
1410.61
695.337
2277.16
154.79
1259.65
1860.76
1262.84
3226.23
1300.47
3212.62
2103.05
2219.14
2218.57
3070.97
2872.88
4221.43
2669.05
995.432
1994.08
1063.05
2359.77
2368.68
2235.78
1932.89
2498.93
2469.25
2085.2
1748.09
2180.59
2391.97
2633.07
1355.05
3335.13
1496.66
1077.73
2068.07
1555.57
2889.32
1862.92
2477.05
1372.85
546.093
1460.98
506.884
2879.83
3374.6
2985.98
2116.58
1073.94
1555.93
1235.47
3130.7
2787.84
1423.11
1229.56
584.451
2751.87
1238.18
2285.29
186.036
479.212
1620.96
2561.48
826.59
1419.73
2911.63
1103.41
1514.7
2171.88
1920.15
3275.67
2722.51
3045.25
2726.24
1179.11
1959.59
3191.88
1296.14
2313.84
3680.29
1219.48
1445.7
2905.33
1361.48
1413.63
1212.39
1571.28
2888.36
1600.99
2369.57
3967.53
1445.99
1456.35
1706.78
1473.76
2343.28
2095.87
1124.6
4285
285.931
760.57
3232.69
2979.77
1403.79
2159.33
1914.26
1389.53
860.951
1253.36
2021.08
940.372
3015.54
1576.86
2464.68
1248.4
1163.82
1711.83
1707.13
2513.72
1446.14
3278.03
1439.01
1404.87
2409.1
2171.66
1675.17
1427.22
3382
1614.07
1154.38
1396.64
561.71
1330.53
1291.87
569.59
2947.45
1836.61
1198.24
3240.89
2145.14
2292.45
3700.84
1918.21
2125.6
3366.68
1505.72
1956.8
2825.21
1374.95
1659.15
1518.88
1721.2
1362.86
2461.64
1722.76
2302.88
1642.95
2038.53
2238.03
3087.03
1835.41
1929.54
2553.88
891.896
1572.69
1052.56
2196.9
1192.46
1977.06
1452.19
2866.91
1414.76
1080.64
1617.97
960.834
1917.55
461.772
2127.03
3783.66
499.622
1517.67
1363.03
1190.91
4063.75
1571.49
3014.6
4210.23
3512.11
1564
2136.91
3642.73
1879.66
1467.87
2237.36
3795.71
2190.05
4213.24
1356.72
1718.02
2186.45
3324.4
2694.29
1168.11
3022.35
2122.92
744.59
2213.77
1655.73
2011.01
440.463
2710.85
2419.38
656.764
2286.51
2632.36
1584.93
1321.22
1115.63
3360.41
2180.18
1719.25
734.535
390.376
2530.68
1284.09
1126.62
2743.75
1261.55
2038.31
1803.72
1356.26
2962.29
1005.7
8477.59
1764.25
2887.26
631.877
995.097
1282.42
1379.68
2553.4
2659.62
2197.31
2565.08
1301.65
2120.96
1198.51
1842.64
1668.94
1083.84
3701.69
2165.11
4219.68
1948.25
559.013
935.193
1887.19
2613.48
1196.48
2927.29
994.826
1194.33
517.798
3052.47
3538.72
3580.22
2770.06
2175.36
2766.07
1716.04
1241.63
1318.38
766.54
2816.59
1911.97
2493.95
2265.17
1842.01
2219.74
1664.19
1568.66
507.848
1296.25
2311.28
1970.36
1426.18
3194.7
2871.3
1435.47
263.387
1542
3083.23
3884.47
2044.42
1890.72
2630.81
1868.39
677.352
3105.07
1225.13
2440.28
1971.73
1496.92
1315.5
1942.02
1852.12
1319.24
2074.45
1265.81
1942.44
1625.44
847.907
1377.61
1798.58
3786.96
1753.58
3834.34
1455.47
1781.51
2272.65
1170.5
4355.86
2986.01
1935.57
935.205
1593.92
1995.83
2468.51
3598.93
1809.21
1483.15
1377.29
2301.62
2783.4
1339.99
1933.63
2055.16
1695.18
1855.63
147.77
1020.89
1628.84
2761.95
929.329
1869.19
1174.05
3048.12
584.213
1724.91
2481.8
1957.42
2365.44
2507.65
1857.55
1132.48
2245.72
1636.14
4008.33
1315.6
3042.91
1009.28
2777.88
1371.81
3515.8
3252.01
2858.81
1557.35
1022.07
3873.69
3185.81
2194.15
2094.56
1536.58
2202.25
3792.18
1406.8
3250.42
1941.17
3532.8
1950.06
2851
3534.07
1191.54
1511.83
1728.02
2658.19
1614.43
1233.71
2352.76
1690.76
1757.2
1338.7
1402.31
1054.1
1255.41
2528.78
2560.68
322.552
3084.51
3602.03
1611.5
1913.86
2550.56
1323.29
1003.83
1648.65
1255.7
2632.1
3171.71
1105.58
2129.59
551.911
3117.96
1363.23
3911.48
2293.64
2094.06
2833.26
1688.61
2290.57
1387.31
1198.69
1029.81
1473.62
2999.88
1567.07
1361.9
2280.3
1504.55
1189.41
1842.33
1386.65
598.751
1367.72
1575.62
1348.95
1181.25
2122
4690.49
1093.54
2745.3
2933.64
1714.65
3368.23
35.1188
1604.99
1675.96
1905.62
1779.29
2835.43
1028.11
2944.33
2246.19
661.392
1670.81
2095.45
1627.66
2255.99
2332.66
2469.88
1088.47
1586.76
1225.38
1046.25
2446.54
494.772
1985.83
2329.8
2049.71
2626.92
1284.77
4368.79
2162.84
2694.8
3171.6
3431.72
366.13
1198.67
861.841
1254.5
1891.63
1770.2
3179.68
1210.09
3435.79
3415.93
2549.15
2662.57
2164.83
1863.65
2433.95
496.089
2445.66
1179.5
2430.18
2691.58
1302.18
2804.29
2008.65
1374.05
2880.42
2302.75
1124.34
2377.41
1326.74
1735.97
522.639
1865.07
1634.41
1325.27
2900.95
1772.87
2266.34
116.969
1080.08
2376.16
2039.03
2073.8
2819.1
2201.53
1747.21
1117.01
3012.03
3305.97
995.957
1176.4
2260.65
2619.36
3619.6
2221.68
2603
2456.75
1495.23
3290.07
1466.28
3184.54
1381.92
1825.87
1110.99
2775.92
3172.05
3761.88
1148.91
1176.71
3145.83
3096.1
1506.37
4175.83
3711.26
1573.96
1753.48
3903.94
1186.08
2746.7
2791.26
2142.21
735.948
1492.43
2399.7
2282.9
1174.56
1042.33
2783.47
1242.99
1935.5
2970.73
2449.2
2880.92
1512.75
3248.34
2575
1957.18
2691.08
3156.66
1639.4
998.047
2170.45
3225.34
1964.18
2809.83
2654.71
2140.3
1659.88
3363.25
1716.63
3109.17
2720.8
1442.25
2424.41
3026.02
2760.23
2231.42
4135.66
3672.55
3368.67
2350.08
486.972
3022
3052.35
1377.8
1720.71
1969.15
1413.7
2518.69
3225.04
1163.65
4528.57
949.67
1354.83
1623.28
2912.86
1066.18
2789.97
1598.49
2006.47
2614.86
2355.88
2232.91
1894.81
2829.52
1834.81
2405.18
1712.06
2816.63
2615.35
1402.64
1199.18
1434.03
1625.85
857.483
1089.72
2541.4
2591.47
1245.52
1074.82
1719.8
2029.76
2099.52
3286.59
1172.66
1580.27
2395.7
2925.71
1692.44
1372.93
2090.17
1906.14
1339.58
1734.82
3048.23
1148.52
1246.13
1940.08
1729.6
1948.43
3218.72
730.929
985.059
2389.25
1207.12
1279.88
1397.15
2514.26
1090.04
4385.94
2808.22
1481.96
1507.43
1282.8
2676.63
637.703
2069.57
1043.94
3940.06
692.232
3490.27
2229.49
2080.11
1364.16
2233.44
2012.1
3541.55
3076.71
3282.48
2927.89
1483.8
563.125
1484.26
3025.98
2095.07
2788.46
2720.17
1744.96
1010.62
1864.75
2461.84
2806.4
1535.81
1314.11
2331.17
1426.45
2036.57
3051.71
2695.55
3011.35
2975.57
1740.1
3308.28
2148.65
1949.74
1208.75
1343.95
1642.52
1191.97
1086.33
1717.32
3296.1
2344.41
590.745
2506.71
1223.67
1097.24
4948.09
1262.27
2089.05
3758.56
1526.44
1147.68
1577.89
963.952
1199.4
3060.5
1831.25
3551.85
2532.95
1871.89
1758.14
2615.92
2090.15
2242.7
1939.87
2786.26
501.825
1969
596.676
2743.89
784.719
2168.56
1578.53
1419.25
1757.68
2059.8
1509.5
1016.85
1806.58
961.074
1882.82
3017.78
1651.02
1141.22
1356.15
1805.95
1613.16
2866.81
2400.53
1201.08
501.828
3929.88
2693.01
1372.32
2755.56
2282.61
1879.74
2707.16
1654.95
4251.22
1502.39
2388.93
1540.3
1639.59
2416.49
1597.38
1159.9
2151.67
3373.07
2687.65
1636.84
2496.55
2163.24
1544.18
2026.05
1903.1
1201.04
1006.53
2320.79
1491.59
2070.92
2259.81
3465.79
1864.18
1709.11
2380.71
1082.02
3213.76
2895.72
2511.3
1811.33
2603.55
413.64
2859.41
1332.7
1183.84
1835.08
1334.9
2028.2
3495.69
1516.08
3601.46
2542.34
3026.31
1017.92
2502.75
956.556
1688.87
1295.75
1530.64
2558.98
1173.13
897.084
2058.1
1208.69
2127.01
2684.95
2864.92
2401.78
1279.44
1834.89
2536.41
3243.92
1171.15
1580.55
400.166
2321.96
673.5
2532.9
2598.69
1520.58
2606.19
1391.6
2390.99
1364.11
1306.23
2488.84
1963.85
2236.25
1434.72
3125.39
2135.2
1531.03
2380.54
3614.91
1944.22
3519.23
1727.53
631.029
2233.5
2446.07
711.237
2526.15
3192.32
2049.94
3671.84
2351.66
3282.84
1447.95
2382.81
1186.35
1678.25
1068.5
1720.68
1724.42
3236.31
1483.37
2071.86
4637.21
3575.63
1873.4
2705.73
1988.01
1909.71
1404.9
1824.17
2007.21
1087.33
1333.5
3699.74
2511.17
2821.86
3244.84
1921.2
1435.31
2810.7
2266.8
3691.25
2271.75
1530.67
1482.5
1685.55
2340.31
2641.92
3414.89
2219.89
2385.4
3753.2
2592.24
1696.62
1145.81
896.866
2714.61
2973.48
2430.16
1265.1
1954.25
1609.37
2318.68
1337.81
2819.95
1433.64
2245.24
1111.72
2783.14
2195.18
2956.6
2279.96
514.961
2032.62
2077.28
2687.34
1827.6
660.486
2523.88
1248.53
1698.14
3275.66
1730.93
3219.27
2806.58
1250.84
2219.04
1225.94
3055.32
1251.37
1495.44
1010.64
1819.54
1225.63
3013.25
2467.4
2703.22
1644.84
1882
2527.42
1725.34
3163.53
7502.42
2286.92
3186.48
2847.57
544.587
1843.59
1870.45
1722.4
1953.12
3378.27
3471.45
1407.89
1773.8
1126.53
5000.89
2755.14
1314.06
665.974
2896.29
1630.61
1214.05
1141.3
2226.18
1155.85
1410.81
1090.87
2648.5
1411.59
1257.61
2363.93
2845.62
2203.8
3355.84
1517.88
1782.26
1747.61
903.36
2220.2
866.25
3355.69
1273.57
1365.84
2175.61
316.998
1891.65
480.55
780.268
1188.36
1219.04
1020.65
894.556
1154.6
1684.11
1014.12
2326.69
1428.05
3738.39
2268.22
2315.06
2369.81
1656.21
2353.9
3372.9
3438.67
1206.33
3068.63
3061.03
1202.38
2509.94
1835.31
2091.94
1235.82
1720.48
2784.24
1297.66
892.06
1531.57
1479.37
2374.83
844.811
1582.89
1391.21
3129.32
1316.54
3018.34
2204.09
1643.37
2500.99
117.537
2401.16
2219.96
1472.86
3149.39
1534.41
1327.53
2308.54
2647.31
1825.57
1852.35
1832.15
1253.58
1036.01
2407.52
1259.93
4214.76
1168.06
2282.82
1149.22
2179.03
1374.77
1081.12
2351.91
1808.49
1366.68
1442.77
2848.59
2392.64
3223.21
1119.56
3542.41
984.909
1740.62
3764.46
510.338
1805.89
2492.5
1224.96
1894.23
2328.63
2862.13
3423.15
1326.32
1171.39
1974.26
2918.03
1953.45
1820.79
2678.22
2278.66
2715.87
1403.78
1454.85
1358.3
2427.22
2028.39
2082.36
2239.01
2040.38
2413.93
2281.53
3898.91
3068.77
1797.19
2374.48
1333.86
1866.36
1528.08
1632.07
3215.18
2353.45
443.722
1371.37
2040.39
825.166
3105.55
2011.86
3002.92
2340.4
2334.11
2899.29
1770.63
1484.15
1094.39
1518.28
1825.02
1811.9
2192.34
3134.28
1508.97
524.706
1277.42
1170.35
2229.58
4018.34
2630.73
1536.28
1419.93
2295.09
2590.1
1045.89
1612
1754.02
1452.06
2398.81
2130.8
2214.54
1212.01
791.577
1462.2
2860.99
2627.67
3004.67
2159.68
1183.87
1614.82
1094.23
1615.58
1085.22
2572.98
3212.96
3330.65
1578.71
2739.92
2358.44
1268.25
3134.9
1150.26
1183.25
1238.37
3210.84
2560.52
1766.46
1609.95
2030.08
2603.67
273.114
3026.55
2688.52
1275.19
1329.05
2072.13
977.389
3329.7
2265.4
2192.81
1189.62
3047.3
2497.2
1963.66
1843.85
2550.24
1187.7
529.084
1861.43
1750.8
3303.75
1454.81
1623.43
2763.82
1430.72
1079.44
2724.08
2397.34
4153.08
2432.22
499.556
3544.96
648.814
1379.1
1847.3
2471.66
1439.53
2583.5
1920.16
1912.45
4217.54
2846.49
3724.32
378.98
1451
3939.6
2819.52
1655.06
1666.41
1927.27
1066.25
2611.09
1534.4
1129.95
1451.93
1841.03
2554.22
1818.14
1920.69
939.78
1919.43
1316.78
2316.74
2261.97
2872.87
1240.98
2839.04
1170.03
1204.83
2062.61
1316.02
2224.1
973.417
2119.85
3222.25
1072.29
1053.14
2266.64
1740.12
2256.52
2137.6
954.116
1837.12
2352.75
2938.3
1173.75
1868.37
1310.04
1819.74
1792.1
3705.13
1189.52
1893.3
1593.21
1365.69
1020.4
972.043
3604.32
175.392
2489.62
1230.59
1981.71
1771.61
1770.7
1910.33
1842.34
2183.68
2077.33
3015.53
2052.62
1567.41
1584.42
3196.57
2278.88
1292.42
2179.8
3363.01
2002.14
2093.62
2161.88
3756.39
1879.77
2033.01
2991.69
3038.22
1142.92
1820.23
1260.49
1999.6
3417.53
1558.39
1375.24
1075.86
2679.84
732.898
2176.94
2527.61
1200.75
1388.3
1762.44
3022.57
3627.35
1755.24
1431.06
2308.47
2661.12
1550.72
2826.59
1244.85
2153.33
1544.32
1211.48
2255.57
2756.26
715.213
1189.74
5374.53
3008.44
1844.1
1702.93
4114.57
2168.44
2653.74
1615.62
1395.62
1195.73
2058.71
2504.86
2292.55
2603.7
1772.19
1185.56
1265.88
1155.64
494.207
1221.01
2659.35
2784.88
2469.86
1588.57
1582.85
3360.45
2684.48
1656.54
2321.8
425.486
2224.45
1910.79
3713.66
2766.95
1468.99
1869.05
1717.79
3167.46
1584.33
2103.55
2185.52
1406.2
2259.9
1804.25
1692.48
2433.1
2650.65
1441.55
2022.52
3271.47
1498.64
2964.3
2739.58
4556.72
709.866
3117.39
1426.06
1925.09
1155.22
1592.85
1655.12
1572.01
2002.58
1951.41
2665.32
1935.81
3578.75
1824.11
3242.36
1624.54
1715.96
1679.09
1795.45
1158.48
1520.33
1776.75
3440.62
1411.68
1762.65
1844.08
1120.81
2703.11
946.509
1532.23
1982.88
800.337
1439.68
1960.81
2089.02
1528.35
1242.02
1027.79
3356.2
2172.05
1516
1203.72
1935.15
1730.02
1000.22
2037.29
1828.36
2171.09
3045.87
378.202
1499.92
985.04
2427.64
1653.97
4126.03
2315.47
2922.75
3626.45
1948.97
2673.36
2168.94
2452.13
1183.7
2155.35
1692.99
2059.93
1837.76
1413.26
1514.08
1311.2
2194.21
1052.86
1894.86
2274.43
2834.86
2613.99
2153.55
2003.12
3967.33
1485.36
1383.41
1652.71
2761.19
5582
2707.63
2599.55
1059.67
1970.44
1173.49
1104.71
3307.89
3380.88
342.861
1932.78
2638.94
3127.59
1133.92
1801.41
1819.73
2081.93
3148.77
886.431
1109.67
1422.24
2559.86
1588.31
715.1
1901.65
2626.08
3091.83
2248
2600.23
1113.5
2540.74
2797.04
2804.4
968.089
1538.58
1804.05
1613.59
4051.88
2267.73
1067.85
2439.47
2708.8
1309.43
2129.04
2995.49
1751.17
2225.19
1369.55
2475.56
1346.64
2194.37
883.341
3375.37
1656.72
2468
1362.33
1883.28
1291.38
2174.89
2275.99
1968.84
2483.03
3315.77
1027.21
2298.65
1932.28
1282.11
1691.53
2604.22
3312.98
1828.67
744.944
1463.78
2311.08
1605.3
2196.34
1482.6
845.181
2043.66
1372.98
3698.99
2156.6
610.852
685.311
3194.11
2501.63
2375.72
2276.8
2566.56
2438.98
2341.55
2731.4
2514.08
1826.77
3940.15
746.591
1974.99
1225.65
2767.59
487.671
3359.23
3268.5
1058.73
2166.48
1490.05
1109.65
1872.7
2542.18
1686.32
4512.85
1170.75
1494.25
1257.7
1449.89
3055.99
2556.93
1403.65
1991.69
1948.99
1297.02
2105.39
1442.57
2130.13
2172.81
2174.46
984.911
1248.2
3052.36
1105.84
2962.16
2519.3
2450.1
2232.87
1370.03
1999.32
1764.28
1691.59
2375.64
756.448
1520.97
1238.56
2297.18
296.954
2100.18
2744.13
1447.31
2298.52
1370.25
1691.93
2843.33
920.679
1054.07
1434.1
1295.54
1607.73
2997.15
2132.66
3312.24
2387.86
784.946
2261.86
1773.69
1508.1
2621.54
1342.35
2677.63
2024.67
1593.76
3482.54
2984.56
2192.34
3473.79
3235.34
2245.75
1947.57
2382.13
2010.05
1735.57
2292.33
2442.73
2128.81
2134.95
2612.16
1588.68
1187.87
2464.39
1475.17
2106.89
1751.35
1094.55
3286.15
1367.25
1538.88
1523.06
1873.37
2141.09
3223.22
1904.94
3436.69
1269.03
1854.35
2774.15
1741.25
2889.08
673.561
1992.32
3640.17
3324.24
2166.74
2600.15
1489.95
1344.7
2828.37
3894.69
1596.38
1072.99
1609.78
1353.51
1621.16
3367.59
2177.29
1867.76
1413.33
3260.37
2094.7
1467.35
2310.15
1109.51
1708.21
2384.69
2585.43
2672.18
1362.06
2022.55
1678.17
1536.95
2241.65
3529.9
1633.95
1014.6
1999.72
2809.84
1451.76
517.213
1107.31
959.118
2652.63
1962.31
2877.91
2374.37
1637.29
1530.1
1838.13
1053.27
1233.47
1317.25
918.629
2495.88
2479.45
1823.9
3107.92
1091.24
1508.99
1521.16
1916.59
1417.6
2556.07
1837.42
2576.52
2341.42
4659.49
1147.7
1022.37
2148.82
1579.98
1087.59
1057.11
749.419
1067.7
4543.92
1067.6
2015.2
1163
1320.12
1236.14
2974.73
2591.08
2613.64
2979.79
1256.78
1610.1
949.087
3373.79
3422.91
2727.94
2255.12
1650.38
2448.44
1695.96
1735.97
1853.17
1134.47
1426.8
3197.24
1203.39
1275.79
2517.35
1442.72
1997.99
1646.21
1464.32
3207.64
1268.01
2297.75
1017.15
1876.44
1709.88
2123.2
1432.09
1330.87
1069.54
1493.75
4098.44
109.773
2161.68
1848.03
905.376
2193.85
1597.39
1704.06
1128.01
1293.47
2686.91
1165.96
3461.06
2545.4
2374.15
1051.34
2443.6
1300.04
1725.81
2342.06
2391.04
2227.41
2996.95
1187.14
3210.09
3167.09
2756.79
2299.96
1240.01
1712.67
3047.09
3348.41
1915.68
1301.37
2296
2482.46
2037.77
2153.1
2232.72
2482.2
1944.84
1284.02
2426.87
1558.97
1028.7
2597.31
1067.36
2823.82
2497.05
1565.25
3246.77
1797.87
721.588
1430.97
2136.26
2203.46
2522.4
3521.08
2368.76
1819.51
552.91
1360.59
1342.92
2202.24
2331.78
1121.64
1845.65
2992.36
1405.85
2887.78
1096.23
1548.27
1162.93
3525.64
1657.62
1456.1
2357.93
1802.26
1956.88
3050.94
788.253
2948.64
1532.48
2062.36
1772.29
1861.5
2069.25
2037.93
3198.54
2535.53
1908.06
1566.09
3351
2242.19
633.781
1767.26
2673.52
2360.26
1604.42
1789.12
1664.23
1151.75
1332.02
1910.1
901.309
2493.4
3375.23
1617.67
3218.6
2292.72
2016.82
911.884
2971.85
1449.72
4046.94
1267.13
3757.78
2301.7
3119.72
2459.55
1049.08
1166.01
2751.41
1409.51
1594.46
2023.28
2385.03
408.962
1207.46
2538.87
1436.85
1885.34
2101.8
1465.82
3258.67
1738.08
1282.5
1222.78
3631.99
1395.02
3199.83
254.719
2765.62
1193.8
1279.9
2179.82
2649.92
2878.1
590.638
2774.9
2100.82
2048.67
2521.11
1811.74
1297.91
1154.82
1497.14
plan_time_all 4.80764e+06
