1271.8
1734.92
2752.35
3525.89
2811.15
3520.81
1670.89
3430.67
2634.34
2406.79
2311.84
1998.64
3756.77
2537.12
4249.22
3065.48
3657.22
2695.96
4026.06
3171.09
2345.38
1919.78
2839.38
1013.57
2916.41
2521.42
2755.04
2969.62
2304.16
7147.29
3228.63
3879.97
4267.85
1498.56
1640.66
3039.48
4161.63
2742.79
2957.03
2707.81
3244.02
2472.81
2550.74
1762.86
2870.33
3095.35
3660.97
2035.81
2307.71
3339.07
3174.94
2361.21
4425.51
2367.76
3174.14
2458.98
2828.79
2790.95
3046.68
2103.63
1659.5
3006.57
2294.72
2770.29
2954.52
1718.82
2109.43
3612.02
302.236
3690.05
2919.97
1913.94
4672.56
3089.9
2283.29
2863
2976.39
2111.56
3288.08
2908.31
1885.28
3597.79
2617.21
2644.02
1151.4
2053.61
2314.91
2239.25
2764.21
4490.03
3177.34
3079.87
3214.18
2758.09
960.232
3428.69
1896.4
2893.41
2950.41
2252.07
3019.13
2668.98
2486.62
2183.05
2321.67
1980.84
4267.35
2225.49
3019.17
2480.14
2158.27
2888.33
1689.55
826.353
2994.37
3679.93
2593.71
2936.99
1591.45
1675.19
3257.43
2376.93
3141.93
3193.47
3027.59
2431.94
4036.53
2489.5
3380.95
2396.22
3422.89
3251.55
1975.4
2243.15
2047.1
1893.57
2350.15
3712.73
3604.54
3642.86
2540.16
2277.55
4160.59
2300.57
3262.83
2689.7
7282.7
2722.43
3105.06
2412.98
2328.83
3079.92
2222.84
2507.43
2750.82
937.414
3035.68
3127.36
2370.08
2606.62
3367.44
2444.47
929.573
1637.34
4110.5
1714.67
4715.71
3102.08
3375.67
2883.69
3747.05
3991.59
2107.52
2205.08
2655.89
3784.74
2291.15
2573.62
2586.83
2851.58
870.045
2449.1
2136.47
2262.2
3945.84
2240.5
3767.76
3848.66
1743.64
2587.57
3178.75
2762.78
3664.39
2758.31
1288.13
3423.39
1018.22
2389.34
1053.53
3248.03
1584.75
2946.11
3545.14
3464.05
3155.26
3165.33
1928.79
2915.66
3220.39
1929.67
2609.59
2516.94
3572.95
2604.81
3487.75
3479.99
2375.43
2240.64
1831.23
3226.28
2696.5
3123.98
2610.13
2247.03
3574.61
2814.76
3441.79
2270.95
2818.09
2710.01
1011.68
396.561
2517.12
3620.61
4831.54
505.056
3098.35
3605.92
2278.55
3168.44
4425.53
2983.08
3552.48
2734.99
3762.92
2568.44
2262.9
3055.18
3853.4
1626.29
3012.74
2343.26
2590.44
3148.41
2607.9
3622.14
2492.26
1532.12
3002.35
1524.47
1459.44
2277.12
3150.96
1787.02
3396.67
3424.76
2246.9
1722.36
2661.3
4203.28
2496.52
3178.37
3461.67
2996.44
3719.4
2805.09
2919.09
3553.54
2045.79
2244.04
2780.6
2104.69
2546.11
3117.44
2405.58
3413.99
3754.5
3652.15
3353.76
3538.98
2076.25
3337.53
2905.39
2920.35
2996.67
2621.51
2636.07
1689.78
2354.15
2189.68
2917.48
3074.35
3745.43
4166.37
1743.41
2810.66
3841.05
3680.45
1955.1
4365
3696.56
3312.16
1931.01
2732.65
3566.75
3060.62
2823.74
3072.75
400.894
2802.86
3354.01
1850.75
1973.56
4547.12
2522.48
3089.91
3656.8
1951.13
2448.32
4494.92
1673.85
2845.7
2802.42
1794.49
1171.21
1064.03
2890.66
1726.08
2591.81
3185.94
2240.57
3351.92
3532.26
1891.41
2907.2
3461.19
2224.53
1683.2
2422.97
2784.35
3262.34
2530.12
2645.55
2015.13
4147.91
4010.08
3058.3
2969.97
2583.13
2424.81
3554.88
3306.89
1758.72
1809.34
3196.34
2509.18
2346.73
2865.09
2360.36
2854.39
2707.88
3096.06
2162.51
2529.48
3279.49
3971.67
3004.7
665.592
2717.88
3103.65
2631.44
3391.59
1168.99
2530.32
4850.11
2782.27
2950.69
1116.11
3006.91
2352.46
2307.97
2360.78
1808.73
2467.03
3224.07
3660.27
2036.82
2926.84
4275.16
2341.56
3258.68
3491.85
2675.05
2855.52
2354.12
3085.83
3272.63
3529.96
1399.28
2388.83
3122.34
1606.5
3787.06
3158
3732.71
597.74
3354.82
3199.77
4073.54
2692.54
2117.43
2640.44
3614.19
2538.87
814.167
2153.22
3946.62
1425.36
1293.67
2907.65
778.751
2765.24
3164.73
1214.08
2889.46
2531.4
3086.6
2273.25
2815.14
2525.31
3076.64
2882.32
3634.2
3129.96
1632.58
2565.44
3492.05
2452.81
2061.26
2202.09
3008.22
2970.62
2470.8
3538.54
2621.74
2682.87
2226.23
2144.35
2785.2
2692.52
2137.6
3638.14
2341.64
2117
2832.7
3698.94
2422.49
2281.35
2791.6
3191.56
2577.42
3432.62
3025.78
3242.35
2251.82
3208.32
2345.95
3684.08
2417.38
2761.13
3426.45
2670.81
1185.79
2129.04
2597.87
2779.96
1319.37
1263.57
2055.46
2591.84
984.051
3038.21
2204.31
4416.03
2614.79
3467.61
2822.24
2928.88
2970.8
3195.27
3125.31
2538.19
2735.83
2987.43
2642.85
2760.86
1373.53
2717.57
1597.8
2569.68
2880.82
2102.83
2142.89
2030.94
2350.61
1839.42
2262.47
4211.39
2995.03
3667.89
1371.92
3030.93
1930.72
2156.45
3098.47
3345.11
802.785
2167.19
4295.98
2802.22
2481.61
2922.64
2440.31
2572.99
1731.72
3680.2
2496.38
1645.12
818.662
3426.06
2031.16
2441.7
2809.25
3165.53
2295.47
2734.24
3096.82
2583.99
2507.85
1471.82
2964.43
2455.64
1730.39
3715.68
3728.79
3012.68
4119.64
2880.28
1852.9
2997.14
3226.36
1044.05
2362.29
2756.9
2877.68
2636.44
2237.42
2749.73
2815.78
2131.8
2771.05
1923.13
1736.95
2742.39
3602.5
2568.36
3411.55
2542.31
2443.67
2590.54
3803.63
2892
3463.63
1710.16
2798.06
2340.19
4126.24
3144.48
1926.5
3460.77
1121.07
1488.94
2022.49
2192.14
2795.34
1809.5
2550.32
3182.71
3312.47
2356.6
3268.63
2972.2
2678.68
1802.78
1682.92
2481.87
3191.33
2438.04
2068.32
2829.74
3471.31
3510.12
2768.66
3859.43
2945.72
2918.19
2530.1
2183.01
3365.89
2893.96
2478.7
4623.16
3527.81
4281.89
2592.05
1941.74
2225.94
3550.79
2675.71
2980.62
1287.58
2308.22
724.733
2391.21
2658.18
2186.7
2205
2681.93
2053.96
921.508
2381.08
1561.01
4497.58
2505.35
2678.81
3235.06
1554.13
2250.49
1797.11
523.386
2213.7
2750.36
2934.36
2997.81
2038.57
3002.83
2487.94
2566.74
2044.8
3186.69
8021.06
3129.65
2348.99
2381.48
1196.2
3204.24
3360.05
2059.64
2539.67
2986.62
2034.14
3439.19
2460.65
3357.46
3015.22
2467.52
3207.83
3488.92
2491.27
2784.39
2919.98
1135.62
3525
2189.11
4115.12
2288.13
2902.89
2448.37
3429.38
576.508
3354.21
1262.59
3154.67
2526.39
3690.02
4255.29
2207.12
2138.2
2024.94
679.127
3280.51
3633.76
2872.75
3263.55
2698.99
3518.14
1874.21
1185.8
698.007
3119.19
3637.79
1461.82
3334.35
1774.85
2768.03
1256.26
1476.15
3259.77
2203.57
4202.37
2116.23
2885.22
3648.86
2000.22
1938.8
2357.39
3122.37
2680.28
2814.96
3320.08
3335.08
3352.73
1999.85
2253.55
3085.26
2197.41
2195.91
2102.47
1333.58
3239.78
2000.67
3813.1
3137.92
3590.36
3624.39
2422.19
3098.91
3209.62
3381.65
2793.39
2610.29
3224.33
2413.56
2530.96
3290.97
2898.38
2455.49
2055.79
2619.34
3108.87
3046.95
2977.85
1120.88
2617.87
1958.37
3617.37
936.616
2852.04
2574.39
3069.98
3411.22
2068.75
2499.35
3324
2547.22
3595.38
3591
2133.36
3182.73
2689.15
3079.91
3077.96
2367.1
2419.61
3715.47
2211.13
2692.11
3141.27
3367.69
2813.55
3554.35
1988.72
2770.2
2665.98
2778.86
3607.55
3064.18
1943.7
2659.44
2434.62
2393.06
3121.72
2202.82
3522.82
2703.96
3790.13
1611.26
3348.31
3331.51
3200.82
3278.47
1815.06
3130.75
2050.98
1311.96
2049.41
3114.94
3144.65
2726.56
2993.01
3269.98
2193.67
2108.85
3109.11
1287.35
4163.2
3535.83
2461.32
3158.03
1697.54
3437.62
2135.14
2783.86
3277.49
2483.38
3799.79
2265.07
2092.46
1508.94
3567.12
1775.68
3522.34
2901.8
2873.94
2898.53
3197.65
3033.01
1551.89
3024.33
1111.59
2061.18
2283.49
2061.98
3374.23
3258.06
3138.6
2806.62
2216.16
3514.38
778.742
2787.28
2944.9
2851.92
3720.77
2611.18
3568.78
3301.5
3446.73
3000.85
2754.54
3819.58
1056.78
1821.08
2882.85
2954.36
2376.32
2961.95
2995.74
2390.85
2541.33
1878.75
2808.94
3828.68
1780.47
1997.27
3488.97
3192.12
3543.17
1893.94
4059.12
2910.18
2995.5
532.04
4073.76
4308.57
3031.85
3223.95
2011.93
3056.7
2072.74
3948.1
2754.32
2583.32
2555.54
2522.16
1789.75
3234.99
3225.03
2016.56
3585.55
1642.92
3778.35
2965.53
3051.86
2808.19
3026.54
3260.49
3428.15
3305.31
1628.76
2390.06
2168.67
3051.76
1963.23
5202.92
2289.16
2492.64
2929.31
2069.71
4165.43
2100.43
3487.46
3181.98
1543.57
2180.93
2225.14
1157.05
2020.84
1473.75
4097.14
387.766
2604.18
2279.99
3095.85
2848.84
1808.36
3364.38
1635.01
1932.1
3238.31
3128.73
4226.64
3060.91
2276.8
2764.39
3559.79
3719.6
2913.67
2273.05
3061.68
2481.3
2336.66
3470.63
2367.9
2239.43
2672.08
2773.53
4052.83
3258.42
3048.12
2851.6
4111.55
3349.56
2977.86
3181.24
3650.89
3773.71
1437
3267.65
2649.28
3164.94
2718.98
2897.11
1824.89
3226.59
3263.24
2564.82
814.157
3075.57
1689.93
1875.69
2234.34
2477.54
2865.41
2934.01
3769.14
2141.07
2916.47
2912.99
3452.55
4000.8
1689.09
2042.35
2692.86
3195.38
2644.79
2696.17
3046.17
3737.34
2484.47
3688.28
2101.46
3971.8
2331.56
2373.07
3269.54
3431.81
3267.95
2823.22
4220.37
4605.43
3166.39
2595.92
1206.42
2635.52
3187.7
3152.35
2961.76
2447.74
2772.14
3276.47
3884.79
3004.45
3152.7
3038.01
3084.8
1825.45
3266.25
2968.97
2767.4
1774.17
2973.21
2723.06
2305.14
2632.56
2522.72
3491.26
2477.36
1589.56
4224.95
2239.61
2790.74
3511.1
3318.42
2794.51
2473.52
755.465
1368.02
2766.83
2261.8
3623.56
2751.34
2053.84
3079.9
3159.81
2516.48
2691.17
2954.58
2166.19
2052.96
2676.65
3579.91
3445.48
2752.34
3522.14
4078.06
2938.1
3681.98
3425.63
2677.32
3003
3636.71
3939.88
2207.65
2480.24
2772.86
1646.24
3048.1
3006.25
1965.48
2849.82
2634.06
3747.58
4240.97
2198.18
2838.26
2517.36
2029.61
2242.95
2633.89
3652.6
2340.05
2628.72
3694.1
3407.82
3053.52
2956.8
3451.7
3860.16
2486.29
3273.18
2555.74
4632.03
437.694
2991.1
2989.67
2434.41
2432.05
1323.53
2909.06
4158.08
2840.27
3142.8
2666.06
1753.16
3144.85
3304.35
2931.19
3589.83
3247.43
4035.49
2861.17
3271.88
2553.37
2802.82
2984.6
2060.69
3438.76
1915.61
3513.23
3872.51
2733.74
2366.16
2788.63
2128.74
168.639
1941.6
2709.85
2978.22
3568.97
2372.39
5030.81
3173.94
3124.03
3009.56
3084.14
3036.63
3047.58
3837.19
1776.6
3119.36
2883.2
3021.05
3087.09
3864.48
2039.5
2094.25
2624.31
3092.8
1511.73
3299.37
619.723
3297.51
1947.77
1971.69
2949.52
2685.22
3210.2
2346.21
3145.96
3324.6
2998.02
2990.61
433.57
2679.03
3015.04
3283.62
3201.08
2770.15
4855.44
2226.74
2806.42
2549.66
6344.58
3967.94
3033.07
3300.23
4471.46
1797.02
3138.99
3296.86
2606.32
2917
2900.81
2099.29
2907.31
2582.04
5235.56
2431.07
3474.05
3770.81
2660.27
3132.9
2532.27
3526.02
1989.35
2672.14
3109.78
1880.37
2457.07
4589.85
2191.81
3036.51
2491.84
2425.17
2751.05
2644.23
3662.65
3379.16
2711.9
2683.27
3124.61
1764.2
3335.74
2433.74
310.177
3730.79
4238.3
2941.59
4906.06
2278.26
3016.14
3808.06
2334.74
2983.52
2429.58
3108.18
1910.76
2904.28
3590.02
2035.41
2949.29
3849.68
3481.34
3412.53
3130.82
2349.12
2851.01
1731.08
2488.61
2961.67
3100.35
2190.79
2007.74
3536.24
3503.36
1966.15
1868.44
553.543
2010.13
869.177
1794.83
2434.83
3131.35
2453.01
2511.14
2604.88
3067.94
1785.88
3092.04
2296.05
2803.88
1761.93
2455.47
2621.89
3940.27
3151.26
4594.24
3281.47
3526.1
3057.34
637.687
1819.78
2235.55
1304.51
2566.57
3517.06
3984.28
3688.22
2771.53
2704.49
1484.8
1793.31
3449.66
2562
3568.3
2971.71
3047.75
3212.1
3578.95
4025.75
4460.04
3707.13
1588.71
2987.23
2596.56
3489.35
2601.69
2650
2996.36
3681.71
2946.75
3321.5
2190.4
2526.06
3510.26
3302.53
3875.27
1873.31
2515.65
3678.7
1673.54
1711.25
1364.91
2201.97
3799.23
2026.72
2689.11
2639.89
2550.88
3059.03
3259.68
2573.94
2790.47
1690
1851.23
3912.72
2168.18
3051.38
3119.74
2804.72
2220.51
1689.73
3689.14
1572.05
3433.71
3890.63
2638.74
3340.59
2323.91
2213.88
1660.86
2880.92
2134.67
3765.38
2819.8
3101.43
2230.44
3576.71
2171.98
3223.53
2511.32
3992.76
3455.7
2561.91
3313.73
1581.62
2319.58
3260.62
1935.15
1096.72
2350.74
2420.71
2775.31
2976.41
2386.56
2131.02
6464.48
3049.06
2433.3
4256.03
1942.77
2701.72
3222.6
2227.05
2249.83
4100.3
3104.1
3722.21
3633.72
2505.39
3872.19
3102.29
2494.26
1515.96
3093.94
2274.24
2359.84
2670.68
3105.75
1428.87
3274.86
1893.39
2171.07
3198.78
2353.85
2818.41
4407.56
2767.65
2932.45
2465.25
3086.15
2727.9
2110.68
2253.92
2007.73
2113.38
481.771
2723.35
2134.99
3662.05
3705.8
3321.66
2511.93
999.42
2442.29
3141.93
2063.16
2818.87
2683.73
1074.73
1560.63
10483.6
2807.99
2658.31
4000.3
2648.82
2838.23
2073.19
2170.59
2323.18
1445.64
2753.68
3051.11
3582.98
2797.95
3186.84
2881.44
3397.65
2966
1453.44
1886.3
2452.04
3518.68
2132.91
1532.86
1337.3
2789.12
3474.86
2883.39
670.551
1507.3
2903
3311.47
3401.53
5098.87
1837.91
3341.98
4612.92
1274.82
2865.9
2626.5
925.271
2905.91
3047.11
1613.17
2623.01
2749.33
2469.22
695.804
2794.22
3828.1
2686.81
2098.66
2969.48
3966.1
2219.19
2398.11
2187.67
2207.39
3045.7
3440.67
2112.46
1389.89
3688.95
2810.04
2858.7
2122.5
4038.85
2935.94
2648.77
2788.06
3009.33
3840.86
874.528
3540.13
3023.93
2102.19
2303.63
2145.04
3022.48
2275.74
2915.11
3159.32
2989.17
2739.93
1556.01
3635.16
3091.37
2399.04
3162.72
2258.06
3972.42
3121.01
2400.17
1740.39
2077.69
2473.29
1871.91
1835.99
3498.66
3538.72
2216.94
1698.48
2734.49
3658.89
2873.67
1857.85
2339.82
2927.68
2670.24
1083.81
2669.83
2834.43
2551.23
3047.7
2838.06
3217.46
3365.12
2765.71
2978.45
3378.73
2785.39
2604.34
3416.64
3467.84
1569.03
3653.75
3616.92
3455.8
1383.24
3839.95
2312.93
3223.35
2421.69
2557.94
2782.76
2876.11
3934.47
2218.11
2238.55
1809.02
3122.36
3365.4
3850.42
1987.25
2978.23
2444.42
2335.35
2780.32
2582.54
3544.1
3281.96
2256.86
3420.16
3675.98
3459.08
3476.8
2514.36
3760.98
2967.3
3151.19
3087.59
3409.9
3524.65
3086.83
2960.05
1548.76
2803.2
3170.76
4031.24
3009.15
2229.48
1958.1
3157.21
2895.85
1125.9
3214.47
3372.81
2840.75
3016.73
3319.47
3172.18
3543.68
2284.18
2610.31
1306.61
2436.83
3323.82
2365.8
4470.06
2625.69
3534.88
2930.32
4141.49
3944.43
4901.78
3516.12
2094.35
2998.4
1351.28
2701.39
2832.31
2569.35
3647.65
3999.16
2837.16
2272.83
1727.01
2501.34
2214.7
2820.41
2317.29
2176.18
2824.26
3029.35
2677.68
2592.15
1889.48
1995.4
3948.45
4271.7
2558.62
2353.45
3543.15
3480.5
2677.55
3348.56
2610.46
2815.17
3189.67
2873.69
2601.22
2759.84
2510.04
1163.78
2560.61
2918.46
3132.33
3591.37
2558.3
3121.46
2802.86
3332.86
2534.35
2036.96
2910.75
4467.24
2354.67
2672.66
2528.58
1836.78
897.801
2516.99
2255.16
3593
2240.75
2285.17
2046.04
3329.35
2719.7
3066.02
2507.04
3619.61
2523.85
3542.57
2552.38
2402.5
2083.2
3341.76
3864.72
2690.26
3256.4
2120.19
836.424
1843.59
2545.49
2120.04
2339.61
2819.66
2453.83
2366.16
2320.84
1963.13
3125
4071.06
2879.03
2497.52
3277.96
3039.45
2741.08
1354.68
3034.59
2850.56
3087.16
2279.84
4338.4
3468.07
4140.17
3587.65
3053.89
3132.97
2810.3
2347.15
1686.83
2770.37
1794.6
3655.21
2266
2489.61
898.472
3076.14
2770.25
3035.47
3249.59
2768.78
3945.47
2513.76
2564.34
2514.31
3808.23
1914.59
2565.52
2964.73
2942.41
2055.45
2252.06
3093.13
3054.81
2503.51
3166.74
2627.55
2702.55
2773.09
1714.1
4225.73
3123.88
2529.14
2543.4
2670.11
2359.64
3515.47
2643.17
3898.54
3320.37
2801.75
2179.62
1079.44
2929.15
2490.6
3004.56
3326.21
3197.33
3159.15
2745.17
2820.35
3234.4
2755.08
2703.62
2859.09
2188.5
2390.7
1785.76
2911.02
3792.47
3424.14
2734.69
4776.43
2872.69
1991.87
3185.65
3500.52
3713.62
4233.84
2511.16
2927.9
2959.35
2830.93
1783.5
1457.05
2385.1
3153.97
3201.6
2432.59
3490.47
1024.65
2367.23
1968.44
1792.28
3593.54
2437.67
3305.74
2115.39
3266.72
2365.53
1709.66
3142.57
3015.32
3321.85
3296.4
1571.17
2249.23
2933.95
2934.92
4541
3380.65
3166.08
3248.25
2345.15
1563.21
2902.01
2371.76
4697.38
2100.47
1447.42
2525.36
981.961
3473.8
2739.15
1647.44
1914.01
2693.36
3496.64
2633.75
3421.77
3123.14
2010.02
2079.39
3472.58
3311.4
1617.53
1982.34
2122.97
3008.83
2724.49
3304.12
3065.92
3910.18
3337.32
2252.93
3670.94
4169.32
4124.31
1585.87
3902.22
3127.52
3183.78
2245.54
3120.56
2254.48
2605.36
2716.12
2840.03
2928.01
2682.8
2926.31
1668.04
1917.19
2835.67
3702.38
2118.75
2502.85
2711.37
3351.54
1857.69
2205.45
2701.98
3296.67
4189.82
2244.63
2833.83
2552.75
2738.21
3328.24
2833.13
3165.87
3517.35
887.287
3899.02
2611.55
3538.26
3351.62
2158.39
3298.48
2332.54
2671.29
1040.4
2738.72
2641.51
2092.24
3015.63
915.044
2536.56
3218.33
2886.99
2258.1
3395.31
3081.36
2247.2
2537.72
3521.19
859.946
3380.6
2603.46
3487.46
3573.21
2999.66
3418.06
2944.81
2274.35
3109.16
2967.08
2706.73
3035.63
2278.14
2281.33
1531.8
4002.12
2020.89
2053.36
3608.5
1368.2
1740.5
1524.36
2362.1
2652.32
2888.13
2435.86
2800.37
1853.04
3246.22
2216.34
2591.35
2567.03
3064.51
3897.12
3212.56
2557.33
3119.55
744.211
3076.27
3751.38
2889.18
1901.85
2415.08
2817.18
3630.17
2342.13
3698.35
3612.11
490.707
374.204
2769.29
1984.14
2216.05
2479.49
2868.43
2333.78
1704.61
3119.08
3484.34
2427.77
2754.43
986.703
2573.15
3419.76
1856.82
1517.76
3215.85
3102.45
3924.94
2515.58
1708.57
3991.56
3572.9
2619.13
2852.46
1818.06
4092.53
1604.93
1386.28
1553.35
3219.97
3379.33
2404.19
2251
2183.47
1499.88
2013.72
3098.17
2568.09
2295.79
2287.43
973.689
3225.57
2986.59
2464.65
2598
2315.58
3113.6
3024.12
3159.37
3332.91
1471.85
3031.23
4328.71
3274.11
2843.96
2986.85
2462.35
792.022
2001.92
3877.23
2629.48
1824.1
2809.35
4075.76
2561.29
2887.86
7585.97
3202.03
3461.27
1911.72
2967.72
1604.25
3582.74
2144.88
810.683
2554.87
3162.32
4586.3
3555.97
2926.22
2985.26
1661.19
3118
2769.66
2262.47
3470.82
3753.12
3130.82
2111.22
3329.08
1656.56
3981.12
2354.15
2965.54
2595.97
3460.92
2792.47
3556.3
2853.85
2869.28
2936.32
3089.28
2007.86
1878.39
2945.1
2286.29
2537.87
3113.86
1415.65
2023.36
4024.53
3349
2473.07
5144.88
2297.87
3799.25
2074.18
2721.31
2901.81
691.266
1891.79
3271.02
3584.78
2737.09
3601.09
2778.41
2412.3
3032.72
3570.51
2268.33
3326.59
3641.68
2984.27
2928.53
2835.78
1102.94
2512.84
3434.64
2711.26
2267.96
3152.56
2668.22
2721.67
1937.28
2527.15
3669.57
2685.29
2272.23
1707.9
2220.2
3890.24
2652.58
3328.95
3159.11
2829.18
3206.06
3434.42
2748.06
476.603
3101.89
2089.61
3699.37
1849.39
2081.53
2104.26
2619.79
3550.09
1618.76
2943.65
3713.96
2161.95
1562.93
3233.63
2768.56
3199.86
3570.85
2601.01
3169.16
2694.12
1700.98
3078.82
3162.44
1975.88
2288.81
4457.72
2054.15
4027.86
2862.67
3803
2224.01
4511.23
2728.58
2027.8
3281.29
4310.48
2927.24
2543.51
2117.42
2963.92
3831.12
2653.62
4241.05
2046.84
4897.54
3641.43
1747.56
2859.09
3130.29
2809.87
3094.13
3453.02
2587.38
2309.05
1340.14
1599.05
3216.6
2704.42
3627.51
2797.14
2895.6
4705.63
3631.93
1873.28
3543.95
2949.76
2929.18
3717.27
2221.08
1862.32
1539.73
2185.31
2338.54
2327.52
3479.12
2589.52
2706.55
2830.23
3826.85
216.543
3567.42
3760.66
1941.6
2029.54
2152.43
2121.91
2706.02
1805.42
2808.6
2708.96
2866.52
3780.1
3939.82
1542.54
2154.25
2629.7
3592.95
2340.13
3756.27
2391.43
2225.7
2240.3
3142.39
4080.12
3888.98
3564.38
3293.79
3195.9
3370.87
3688.35
2106.54
3267.24
2866.23
3518.9
2342.08
2439.81
2268.05
3404.91
1550.56
3333.41
3249.53
2730.67
3588.09
2746.36
1373.68
4061.72
3864.55
2827.73
3206.49
2903.9
493.288
4602.82
2924.87
1874.41
2045.72
3180.81
2767.22
3354.25
2818.35
3845.17
3759.73
2688.61
1868.15
1992.17
4387.73
2512.39
3976.6
2624.5
3034.41
2909.94
2925.76
3381.02
2871.08
3628.79
6107.65
2842.26
2866.69
2179.29
925.3
2681.61
1819.02
1696.04
2589.34
2471.62
2342.44
2734.05
2720.13
2381.08
2188.71
2756.23
2939.26
2028.3
870.488
1811.14
4086.67
3413.7
2616.1
3180.28
2197.01
2930.64
2646.66
2526.78
948.481
2673.58
3062.3
2171.33
2741.36
3075.21
3035.66
3213.62
2872.02
2715.89
3596.47
2838.87
2961.51
1767.99
2778.36
2457.9
2961.95
2638.63
1577.89
2318.91
4140.97
6332.99
2471.5
1191.18
1880.15
2560.89
3431.04
1984.21
2638.58
3014.08
2580.68
3045.77
3641.09
2951.98
3653.94
3462.25
2491.23
560.153
2453.25
2682.06
1434.66
3320.8
4089.67
3618.99
1737.96
2276.14
2403.63
3186.47
2363.08
3176.39
3804.52
2776.13
1373.04
plan_time_all 6.578e+06
