38.7637
65.1385
80.4985
98.9581
95.0533
163.682
70.9339
156.579
149.456
86.682
50.723
61.2763
107.061
128.66
45.4386
117.253
119.274
105.151
136.142
87.5497
123.514
22.5785
80.7798
22.1803
152.503
140.262
68.7166
122.503
82.6997
65.9739
146.296
80.5094
67.8402
33.2834
41.3283
67.4834
117.478
72.7283
45.9416
62.1301
75.0913
82.9936
86.5329
74.3491
150.532
177.339
63.433
30.5678
125.616
126.988
41.6701
50.2018
11.2036
52.9349
47.0337
63.52
76.1328
76.6256
159.321
118.207
27.0587
131.581
63.0174
82.5852
56.953
40.4437
103.949
119.326
7.11818
55.5249
128.158
38.832
181.598
55.5998
44.3297
157.414
43.6316
47.7774
172.958
126.461
25.5701
97.1292
60.3093
51.2238
20.0282
58.3976
93.9259
128.476
76.2435
113.14
133.586
77.9129
105.481
35.5833
28.9832
205.891
56.2379
71.8047
115.435
36.4452
62.3635
41.5837
100.676
55.0124
25.6781
54.4924
79.7127
48.2173
105.975
132.262
103.099
86.9782
51.6499
22.8893
67.5786
188.299
82.7767
92.2924
69.2818
33.4622
86.9119
56.1431
50.1359
204.32
101.272
70.4166
93.1903
95.6028
78.6058
78.5847
130.047
59.8424
37.8633
67.5185
97.2356
35.6495
106.329
50.0509
54.6016
159.742
53.2982
65.9547
114.341
42.3549
39.9116
134.001
38.5561
135.434
116.249
79.1557
96.3879
112.487
31.124
51.8167
75.2719
17.8077
107.909
150.121
59.7453
91.2641
29.9218
33.5143
22.0589
31.807
47.0706
72.6998
69.1286
141.893
117.746
41.7906
172.707
121.223
82.3647
114.383
86.0229
126.139
89.5546
51.0405
97.3382
138.56
22.9244
44.0327
93.707
109.708
133.591
72.5112
93.3508
123.608
55.6912
107.044
94.5905
138.143
109.288
116.179
24.5797
81.4248
28.578
98.9761
24.6848
122.449
38.1819
73.0173
77.5126
154.222
110.102
80.0747
99.2992
147.454
91.9976
29.6328
154.911
156.317
125.73
76.8078
42.3448
131.746
79.6235
88.4158
40.7771
129.323
113.112
120.192
133.436
143.438
109.71
84.7949
95.792
128.102
169.574
85.8792
18.37
10.4176
52.3127
37.3866
63.5301
10.3487
129.018
103.657
70.1983
117.101
162.89
125.564
151.798
55.6406
139.583
114.081
40.9784
133.286
137.476
40.7791
190.038
72.3845
129.387
82.4459
146.791
168.501
106.193
68.5858
99.0709
42.5287
61.4738
26.7182
79.5107
67.2346
37.6186
201.851
106.293
39.2974
137.274
45.0563
58.7959
107.881
77.3042
134.924
92.034
96.4216
83.6139
184.434
82.4551
123.56
162.773
30.2615
84.8532
139.086
151.152
169.551
127.604
132.974
86.8336
119.712
98.9451
20.7439
138.255
93.5635
60.3447
173.218
157.039
53.5355
49.9638
102.77
180.266
76.128
102.834
47.7291
39.0158
145.919
81.4669
72.1783
33.0069
79.0867
53.1875
191.57
58.0349
39.0635
109.046
39.9073
155.375
74.6173
11.458
114.951
184.613
28.3719
131.314
139.907
94.7232
61.8388
66.9203
54.6037
112.943
136.908
33.9834
88.1849
126.858
53.8916
44.4605
48.2277
105.897
71.1642
113.414
89.3354
70.8015
125.439
126.163
70.4004
47.847
122.11
42.066
91.6051
45.6427
147.482
147.866
61.4408
105.279
72.5338
132.448
122.748
157.205
152.079
71.2949
83.424
113.532
86.9093
77.8513
33.8829
139.49
88.869
117.319
66.8296
75.0986
45.666
130.28
112.142
27.2087
99.2164
79.6361
171.642
120.692
19.5185
65.8843
68.3263
129.339
64.1125
28.6476
130.825
80.8243
167.845
39.3426
46.135
114.606
67.735
95.1961
42.6301
74.313
48.7652
53.4711
150.933
39.5726
98.9156
97.6756
135.978
135.306
85.1715
88.6006
131.71
103.876
110.646
110.263
75.8846
29.2205
98.4018
160.519
20.9447
134.91
72.2779
49.3541
21.1525
123.444
171.553
42.1518
155.639
127.073
105.4
83.7933
67.676
31.394
89.1587
94.5469
32.1914
33.5412
89.7331
10.6481
158.997
112.552
34.2243
67.2614
133.282
52.6425
47.1744
111.434
59.7631
77.4031
70.9379
78.3161
82.1222
45.303
82.3776
159.876
89.5664
79.8006
71.3079
109.286
65.8967
78.8627
91.5896
102.333
92.7864
80.3237
40.5239
151.102
92.4379
85.4254
174.026
111.005
71.1484
68.4978
98.8981
64.773
48.0968
38.7716
138.525
35.5376
89.9754
83.2644
60.5397
102.584
165.601
123.101
139.797
44.6949
93.5392
144.084
147.067
26.3619
71.4049
153.446
75.0295
27.2771
26.1743
68.9304
102.624
53.5069
138.139
104.466
177.016
116.343
111.617
102.014
94.5836
88.8444
41.7849
103.788
142.266
100.754
86.4056
89.8784
111.514
45.2981
151.564
37.6783
101.704
167.218
138.323
133.746
61.5902
50.7765
116.354
93.7865
80.5269
140.632
157.341
54.0577
115.167
61.678
95.6575
44.7667
84.2003
8.23138
36.2238
94.2619
48.1559
133.191
33.4916
59.0577
126.552
42.8015
159.159
93.4077
37.7423
36.4906
131.18
37.7972
118.677
152.584
131.792
65.8455
89.0661
127.586
36.9541
122.905
34.4052
102.622
71.9672
55.7796
137.945
66.4085
119.195
159.964
126.223
44.2171
149.078
156.258
15.969
67.8328
121.147
149.603
87.6106
44.535
75.4114
94.2854
51.6648
96.2657
33.8166
43.1994
120.39
100.431
124.513
128.021
43.2951
39.5208
117.802
120.022
129.141
117.436
98.551
99.4878
97.7515
103.789
83.1096
68.5159
80.997
24.8627
61.9362
130.958
63.2261
41.3695
66.6378
46.7313
75.1156
122.326
154.864
140.223
160.859
53.5949
32.0285
59.2766
77.8677
27.7835
124.353
55.7097
124.963
72.1851
136.676
79.6123
72.6736
108.884
36.5466
110.25
96.0369
111.839
124.235
81.5177
77.8416
115.362
92.127
138.236
41.8011
67.0912
82.9377
94.0859
144.613
26.0455
68.931
26.1615
104.436
102.024
108.655
30.0979
90.5067
94.9382
14.0856
90.2494
64.3529
81.7662
119.529
155.043
67.0282
59.1335
103.621
30.0498
9.70766
71.3894
144.806
155.929
77.0655
110.771
110.48
110.516
25.185
67.8875
190.927
172.164
125.855
78.6693
24.45
25.0662
150.717
121.569
62.6294
59.085
101.94
85.6925
168.451
37.4994
169.974
119.116
109.919
187.934
65.6251
42.1239
51.1983
76.6306
27.2591
141.02
74.0834
83.2194
133.852
60.908
42.6503
52.8644
19.4736
65.4078
56.7639
71.297
89.085
127.739
107.128
124.946
142.986
117.965
28.3335
75.5449
131.849
115.351
102.771
111.649
112.393
57.9857
47.3356
12.7326
150.785
81.0247
43.4859
128.272
54.4864
74.1641
37.1058
23.6293
132.472
65.4241
84.9366
66.6189
112.278
54.0681
48.1676
37.9174
42.0837
123.823
88.9797
92.8146
151.617
124.798
57.6192
40.0094
111.402
54.6548
142.523
83.5102
101.932
32.1566
167.087
108.511
77.3662
126.443
57.7179
123.937
140.542
55.4854
168.228
62.9274
88.3169
49.0334
185.592
126.757
97.0382
56.3696
90.5658
26.0761
108.429
102.322
83.3143
50.9229
112.399
29.9774
58.5709
111.032
82.5842
23.7566
164.66
120.45
58.4947
191.001
118.111
132.543
72.9939
28.0983
128.936
83.0522
95.996
112.322
48.7293
122.902
141.581
59.2428
132.424
61.9899
106.964
93.3839
193.468
62.4498
157.24
66.8238
61.5784
99.811
116.112
135.986
85.8714
94.578
88.2223
37.6937
118.843
62.9889
80.7031
124.641
69.4342
100.002
106.599
65.8418
62.1623
93.2394
162.758
132.408
48.3049
87.8765
108.735
37.02
90.8541
115.688
133.654
142.014
105.511
186.11
28.8256
95.493
95.5291
16.1117
92.7102
69.146
127.658
133.725
46.9493
151.091
32.2124
99.5114
172.267
49.3902
51.4789
142.943
60.7574
17.2968
135.489
42.1048
99.4185
96.015
121.273
73.9203
138.01
101.883
26.9332
157.941
20.9175
123.653
94.504
37.0615
114.745
93.2715
116.948
146.832
50.7443
146.543
16.1402
131.398
111.885
152.308
172.886
61.4966
81.8105
196.821
74.267
50.3314
135.577
71.4255
17.2218
38.1084
50.5268
113.455
80.4087
121.453
170.474
59.9822
89.0537
33.0281
129.983
104.356
24.7551
92.3134
112.192
77.4558
189.106
53.8992
168.251
157.814
54.3584
21.3079
95.7194
117.885
38.8642
70.9001
127.036
70.6233
84.3915
57.9357
69.6679
88.0025
27.6056
128.702
22.0851
132.665
106.503
72.3562
56.7793
32.7796
83.8655
82.3316
112.131
89.2448
77.1713
127.996
77.7461
35.0864
55.1101
139.858
83.8166
75.1247
36.3747
51.8506
54.8359
113.294
89.289
49.3026
34.7307
47.6239
143.977
115.339
32.8059
68.8678
55.3388
29.0975
54.9223
49.2478
143
10.0863
40.9697
62.1982
110.987
103.337
63.3027
116.18
71.1116
30.3453
85.8736
79.8172
165.003
137.441
93.4446
87.4396
82.9236
110.745
96.4529
93.3603
143.579
82.2123
115.922
64.8111
35.8476
102.801
154.784
62.9324
63.6827
68.1364
158.042
154.091
84.9958
75.9359
133.863
58.8197
63.4586
129.981
74.2474
83.249
72.3965
106.016
101.87
158.7
28.2927
133.338
96.5536
72.9087
22.9276
200.627
68.1967
35.6534
117.601
77.5229
91.6568
85.1761
124.829
90.6362
103.387
94.3773
57.08
66.8917
54.7349
41.2186
45.4032
69.5274
119.126
86.8177
96.6039
115.858
126.762
107.048
123.51
62.8467
51.7352
143.723
108.804
90.6335
89.8205
99.8822
42.3096
72.6177
98.7848
73.0766
38.3047
55.6492
104.043
154.354
108.16
106.054
125.29
107.426
81.9855
168.287
63.9044
30.6022
147.883
52.2355
85.2209
144.96
73.1712
49.7627
103.304
77.5244
67.6741
77.8771
42.3312
92.9644
75.2834
56.0011
106.239
55.0306
88.2239
149.213
165.023
139.165
42.5744
24.7343
36.3238
98.7937
49.0509
125.669
157.269
99.2719
97.2317
81.7877
90.3793
149.916
98.5571
73.6084
72.8724
109.825
151.571
102.842
91.6954
148.788
124.081
57.9231
175.719
150.844
69.7314
115.093
103.567
54.6698
38.2294
154.349
100.841
29.4936
135.725
129.472
42.5235
134.443
76.1399
83.9256
174.573
111.383
130.901
53.1177
48.5963
77.2165
140.136
46.8314
39.4899
68.7874
75.7425
45.0188
148.598
91.4503
131.92
94.9278
42.4537
79.2394
86.2664
144.273
20.2557
128.335
92.1102
67.3116
58.7011
50.5185
132.487
167.443
122.538
62.0343
90.2938
17.3342
142.546
106.489
118.826
115.173
62.2201
85.8864
96.6468
94.9219
57.8202
88.8104
135.863
90.1373
168.959
52.61
136.348
147.701
175.649
98.4092
69.3545
64.5488
11.7962
24.6888
150.707
187.856
60.1048
134.664
97.0481
80.1028
137.542
174.474
42.846
158.76
150.885
39.527
42.4242
67.2098
79.3483
114.447
132.126
110.04
42.8591
100.298
114.851
67.6182
17.6301
87.4774
10.1522
73.4995
29.8987
100.428
145.407
43.4127
107.973
56.294
121.569
186.854
103.635
198.697
19.3608
80.6733
113.625
147.203
157.709
119.931
72.0739
65.6407
103.518
159.721
31.8362
62.4459
84.5104
119.922
82.1108
71.9913
128.128
87.7479
119.543
27.0703
127.195
92.4147
131.279
130.439
67.9879
113.746
172.929
94.2108
80.9874
104.971
123.19
120.838
72.0995
130.541
104.154
89.66
170.499
196.384
40.7328
124.148
56.5495
70.3959
67.6033
111.752
132.894
77.9706
157.307
75.2074
90.3691
46.5556
102.793
55.9711
7.51785
80.7102
181.202
147.207
131.278
126.94
90.6525
64.6333
115.647
47.0078
70.4245
92.1462
31.4221
96.8922
210.242
52.2957
141.803
134.882
112.727
159.99
117.333
111.667
153.965
38.9043
84.6284
87.7619
124.156
137.078
66.0964
82.7313
50.2081
27.2912
38.5967
21.9939
71.5061
24.383
71.9562
42.7376
129.949
58.3739
118.305
87.8223
130.182
105.063
85.8725
51.1088
54.1325
35.1427
53.0584
109.72
132.1
75.7102
78.7127
64.1177
82.9639
114.911
19.088
51.4154
68.1619
34.7582
43.1499
94.3712
131.486
87.0815
107.928
85.8576
44.9111
64.0119
163.231
116.61
170.861
82.3009
150.298
99.9732
147.574
67.6538
64.5446
79.6148
15.8618
61.5044
102.611
132.362
141.105
106.805
123.032
182.645
140.395
86.7909
36.1233
50.1711
89.1679
120.711
144.138
67.8321
64.5642
80.3959
52.1197
41.8593
46.927
110.946
76.0656
90.4287
88.1841
63.716
70.2299
75.4721
68.9843
132.936
152.618
21.1175
87.7805
104.277
51.1113
150.805
97.9556
130.495
41.2214
57.2578
116.819
52.4993
120.507
186.7
73.4641
111.757
44.2183
91.526
22.3534
118.816
35.686
76.3599
34.5601
28.2851
80.2959
138.122
104.451
86.361
121.354
89.1534
57.9713
140.379
114.4
30.9344
72.2076
147.991
33.7344
22.219
43.3916
123.506
83.9182
104.456
87.2952
124.775
113.01
42.5225
109.056
80.8012
42.6434
77.4312
68.6581
65.5386
36.1745
136.376
113.426
121.289
97.5446
73.0623
82.5117
138.933
124.076
31.9289
47.1861
51.1735
123.829
40.4208
72.0149
55.4736
152.951
147.882
49.3768
174.777
130.346
167.463
66.2397
138.078
109.145
64.5466
74.1715
137.327
70.5558
104.051
51.3771
90.0325
18.8037
99.2595
30.6169
80.3283
127.516
147.736
59.5753
31.4048
101.792
37.6503
25.2759
142.784
106.396
34.0818
28.0554
15.4363
95.0309
153.115
117.321
127.712
66.8442
44.64
100.473
51.4369
55.476
93.4625
68.2879
89.4333
157.629
67.4776
85.9394
164.785
98.9014
21.2667
102.413
129.858
152.042
75.4569
40.5631
26.1796
137.476
150.606
89.0827
25.639
52.6432
98.4046
91.1828
150.351
35.27
54.8217
144.689
49.2685
16.8164
47.6376
50.5926
24.796
74.1877
138.708
48.8945
69.4417
59.2233
97.7779
47.2559
26.6947
182.363
170.332
83.475
138.739
88.1475
102.261
46.4836
125.165
64.777
123.024
138.826
66.6218
51.2506
143.008
126.098
73.7539
80.8529
56.2398
175.876
92.8917
162.114
46.6948
90.0625
32.3478
136.974
107.318
113.812
121.531
69.3134
90.5993
39.2677
144.576
43.7622
152.923
92.4332
42.8644
123.792
62.0247
64.6596
85.7248
114.347
144.679
158.806
76.977
65.1921
77.0732
96.7213
53.4898
57.6314
117.3
81.7242
68.0825
74.9782
59.5585
150.464
104.447
29.2833
41.4982
65.818
102.546
22.8225
125.15
105.731
25.3863
53.8077
120.703
71.8574
118.729
66.2273
76.4339
132.344
123.131
140.396
125.52
118.971
61.2397
109.003
56.164
131.697
19.157
151.81
146.707
66.0434
53.1972
80.1385
60.2848
136.634
117.963
59.0018
44.1996
109.899
135.996
122.642
122.751
63.3092
53.223
140.216
30.1112
126.519
75.4237
126.527
50.017
76.362
185.965
63.2564
185.074
146.989
127.898
98.8228
86.1422
63.9636
129.784
94.2059
130.378
135.605
72.7691
19.446
167.279
163.095
92.7777
94.3029
65.6178
129.628
126.027
70.9796
18.8404
77.18
103.097
139.267
141.434
123.59
162.58
76.8815
104.479
78.8229
21.6017
105.78
90.6715
60.1861
128.28
82.5801
185.479
106.914
131.228
37.3543
59.7248
162.866
107.657
76.4729
25.5799
156.025
64.1148
85.3913
79.3528
113.201
21.6302
51.5255
28.8464
26.2247
60.5048
98.997
127.031
82.8957
82.1128
109.178
41.931
95.438
65.4831
21.6676
124.923
49.9775
85.8697
117.403
105.662
128.53
157.209
101.183
111.392
153.812
158.272
90.2357
73.8776
120.607
46.6481
30.148
61.8545
166.503
47.5558
122.896
74.9001
171.498
75.5646
154.5
153.446
126.501
142.274
119.766
31.0162
85.4054
96.0143
51.5362
43.413
44.4351
107.876
99.9584
68.4021
159.156
21.9579
111.627
89.3562
160.123
113.684
87.7281
110.793
146.548
68.9705
61.9908
68.5782
131.626
170.42
166.215
166.868
69.4295
14.1036
64.5378
136.252
58.1921
87.0816
130.88
104.8
97.4653
59.5551
60.3854
55.2016
122.474
116.446
109.804
82.4919
99.2531
151.862
45.3731
72.1879
120.718
57.7656
48.7676
110.851
127.068
125.764
58.5168
99.6003
159.623
104.588
147.336
69.3634
44.8618
35.1561
157.007
156.013
75.9673
21.3528
95.1102
47.3907
147.853
121.508
57.9104
86.6226
102.337
28.056
85.1317
106.238
104.519
46.8725
168.49
117.406
101.85
125.409
102.946
113.782
69.4731
168.342
44.6217
64.1511
95.1536
78.4509
63.8673
53.8715
86.2753
97.2796
137.291
147.028
108.235
49.018
97.4773
66.4197
42.183
38.7787
25.9574
155.709
46.8927
141.522
79.4492
49.3384
108.762
132.486
123.44
70.2073
86.0775
115.901
100.819
45.9523
74.1627
51.6667
71.0623
89.6527
138.594
129.374
181.841
48.6687
40.0975
103.262
66.7253
141.876
115.745
48.1673
35.4567
102.466
79.7774
69.3257
45.4812
63.7601
148.697
56.2007
82.4132
68.8654
17.4046
65.8748
121.469
86.7755
51.0402
39.69
113.535
71.5097
119.486
80.9306
70.5807
122.946
43.8942
131.127
80.8004
22.8381
100.759
127.031
111.984
172.48
133.35
129.837
51.0029
102.895
45.6626
44.6892
146.248
119.774
17.1943
42.8436
75.7994
29.7228
142.997
87.0115
42.7345
84.5825
126.342
171.615
86.3252
128.56
40.4034
118.603
56.151
131.878
182.175
58.8997
67.0046
47.9952
56.4865
36.883
145.075
176.463
96.079
134.599
80.7981
34.313
82.2904
82.7465
68.3027
56.2986
96.3209
97.8531
106.38
65.6793
54.8209
51.315
93.9855
144.384
125.879
132.033
85.3454
36.0931
61.3717
43.0662
93.4498
85.2856
92.0817
119.261
61.5971
28.49
124.535
55.5464
65.6294
46.1982
21.3838
106.03
163.278
122.889
137.666
122.335
76.7655
72.4515
24.5971
113.539
86.9875
76.7076
147.544
87.9263
113.547
93.927
70.5621
25.4178
173.941
144.442
69.411
126.048
40.1721
47.351
63.4091
59.108
78.3975
113.856
153.929
93.7635
99.0096
123.822
16.7609
115.734
63.4859
82.1438
72.6369
102.596
173.557
43.2477
100.362
138.962
111.625
93.3354
120.205
51.6163
61.1154
68.2155
131.292
65.2971
31.2518
87.3485
36.2598
46.497
65.1332
101.265
106.612
67.8016
104.481
68.9007
59.6418
82.1882
33.4756
102.315
48.3701
150.417
130.358
86.8702
41.8433
58.5286
17.9239
57.7954
115.044
110.188
33.6051
119.019
36.4619
72.4174
104.882
76.9004
100.834
7.88656
13.3053
83.7591
40.863
60.7823
52.8648
90.4487
96.7779
31.2827
95.1803
66.8901
43.525
75.8904
21.0743
59.2981
142.223
33.2652
29.7699
52.6733
89.5204
173.356
46.2929
38.0231
136.753
113.121
50.4809
115.488
52.294
214.248
51.6943
57.9263
39.7952
46.9154
90.2755
126.093
41.8313
100.177
49.3836
78.061
151.741
45.7778
76.0229
84.5374
30.2138
140.703
89.8998
130.257
86.4621
100.473
71.0719
100.342
128.629
86.7941
65.7642
48.2357
79.7074
42.4556
115.356
157.17
104.305
13.487
71.0925
103.441
118.234
79.1702
114.238
117.663
80.8563
175.913
50.6701
134.857
141.288
47.3412
61.9841
33.0933
90.1269
43.6146
20.5579
92.8667
96.8499
178.119
74.7719
147.779
82.9475
35.582
127.092
49.9358
67.8711
113.976
62.3839
89.0586
88.1486
130.908
65.6838
88.5149
107.987
108.42
88.5958
120.482
61.5375
114.65
141.163
150.925
76.3215
142.531
56.6537
41.6367
158.343
83.2019
135.66
130.491
41.0467
61.0357
60.3862
69.7864
90.8161
75.9637
40.4738
129.806
72.7635
51.522
79.7466
14.757
39.9256
74.8377
92.0765
61.5607
117.387
124.597
114.654
98.9025
73.0528
120.327
32.6466
48.0615
159.468
144.171
74.546
41.3635
93.0072
148.127
48.4813
100.117
135.744
112.989
156.961
105.615
67.8422
114.798
87.4878
131.357
64.0032
123.068
138.873
113.538
80.6054
126.107
174.528
111.291
79.2483
131.354
12.6848
169.389
162.922
104.344
50.9407
35.9008
67.8234
56.5137
148.41
79.9081
153.966
154.865
132.935
18.5289
89.7617
55.5822
123.235
47.7984
155.977
110.573
115.608
24.6667
117.519
103.196
68.3717
78.9879
103.809
49.2776
172.411
162.914
66.8334
116.532
168.656
156.908
45.2569
159.858
71.4096
171.655
47.8293
114.245
130.493
178.58
72.9775
90.7331
82.3234
99.2805
154.258
46.9143
146.023
80.4394
60.2305
62.7644
93.648
95.7432
82.4088
40.1299
91.9634
130.316
129.992
153.861
113.579
162.358
163.812
31.4762
105.563
105.203
83.1675
150.112
88.054
139.991
72.5141
24.3569
69.0459
124.43
58.355
147.11
114.688
122.343
118.532
96.1397
6.10246
106.322
107.076
22.3421
94.6037
42.7779
39.6999
128.902
33.9292
100.696
158.639
70.2988
106.755
56.4937
21.6611
42.936
51.4192
146.012
82.3213
89.0096
88.8309
61.7196
163.661
65.5279
99.976
51.2417
120.003
156.073
130.557
77.191
75.2689
57.187
163.359
73.5116
55.0242
35.1635
49.4691
70.3979
51.9993
70.3767
37.3369
141.978
123.003
189.32
74.2604
44.4702
96.4732
88.3162
123.165
100.226
123.976
23.3068
206.414
121.262
63.3262
35.306
56.6509
67.8415
140.328
27.3576
150.668
138.334
74.2954
39.7954
35.2917
122.938
68.2116
146.465
72.5621
155.358
131.999
154.622
151.055
124.009
134.453
54.9377
118.622
79.4626
58.4909
28.0676
72.7672
66.7958
70.46
114.217
96.5797
106.975
71.4682
84.3677
91.1733
103.771
118.706
85.5849
62.8636
16.1378
96.9546
114.87
88.8035
126.628
124.355
35.9611
178.719
126.862
101.596
33.6216
82.3375
71.0874
120.189
86.2975
102.468
112.193
47.4355
58.4097
116.237
67.9279
143.727
80.1702
47.9947
86.0501
76.1063
134.014
137.333
57.6285
132.832
142.545
44.1681
36.758
23.7415
78.2273
77.4105
128.371
79.6114
93.0368
149.693
97.6811
122.194
136.954
145.957
84.9775
141.208
90.2086
11.5979
50.7853
149.916
31.9246
112.147
106.582
106.479
39.2217
52.5328
50.5244
118.433
89.7442
138.333
166.409
172.82
26.1658
traj_length_all 216457
