1655.65
3613.89
4243.36
6088.17
6033.04
7538.28
3404.77
7848.97
6246.96
3900.56
2975.06
2661.73
6874.69
5223.57
1513.13
6687.58
5231.74
6569.6
9078.27
5573.26
6263.68
376.783
4500.68
479.31
9545.99
6637.72
4203.6
8354.09
5778.77
3875.83
7440.69
5144.84
5107.38
1180.32
2512.27
4272.1
6096.88
5004.38
3550.59
4028.23
4514.7
5137.77
6776
3580.59
8755.41
9090.34
2967.82
1602.82
4441.24
6128.36
1118.84
3191.34
475.523
1561.55
3200.33
3101.71
4450.83
3900.88
9931.81
3891.1
964.01
8679.07
3733.57
5584.03
2912.02
2122.99
6191.75
7289.59
90.834
2976.96
5908.79
1182.63
5849.9
3810.13
2885.43
9274.07
1066.05
3948.4
8070.38
6205.88
662.183
5992.31
3279.98
3014.54
860.082
3717.88
5734.5
6377.38
4842.73
5870.32
5776.69
2596.78
7314.85
2839.02
600.53
8298.04
3267.39
5795.52
8776.98
2803.37
6652.62
2818.04
4494.71
2376.18
630.026
2888.43
6214.21
4148.21
6553.71
6987.03
6378.61
4441.54
863.149
779.695
3973.17
11452.6
3890.79
5862.47
2673.56
2696.99
5545.94
3138.72
4098.52
8885.25
6555.89
3567.7
5510.43
5431.39
5144.53
4859.7
6585.46
2778.48
342.308
4716.67
9434.43
2059.04
5568.7
2676.76
4097.63
7801.98
4382.47
3333.01
4892.72
2551.35
4035.3
6840.35
2314.08
7687.51
5339.47
5661.26
5794.61
9759.65
923.272
4265.13
6138.9
888.912
6683.47
7706.71
4016.82
4319.21
2813.99
2483.37
499.151
2261.43
785.714
4800.09
6736.1
6985.51
6918.92
1896.4
11314.1
9202.82
4324.56
5008.21
4902.1
7994.85
3592.65
3100.75
8012.58
7579.67
1183.87
2481.36
3426.46
4844.54
8020.74
4081.08
7132.95
7876.38
3450.77
6222.13
8127.36
8090.77
5971.42
6859.08
879.438
5344.42
1251.79
7694.55
1096.9
8249.86
1291.8
4114.61
5066.29
8476.89
6956.65
6176.31
4629.02
7764.28
6157.06
1625.5
7455.73
7705.78
5571.62
6207.8
636.006
7660.41
2831.74
4570.46
2819.86
6477.73
6359.52
8734.73
7388.07
7359.21
6168.33
6028.12
7224.11
5720.2
8074.31
2387.79
1112.99
993.347
3146.52
1011.43
3148.82
561.459
7646.34
4646.98
3185.5
6157.43
7265.87
5186.63
7564.26
3843.95
7326.47
4942.15
1924.75
6056.24
7610.37
2892.9
9852.28
4388.24
6770.51
5192.58
7271.37
11403.9
5969.36
3608.88
4383.9
3981.17
2732.09
1452.34
5625.16
3340.14
2998.37
10197.5
8007.25
1140.83
6662.44
2466.34
3643.82
5750.32
3650.63
6685.62
5781.95
5632.39
4776.15
10386.3
3495.55
8240.42
9298.35
851.022
5779.51
8369.57
8244.87
8029.12
9005.25
6861.82
6092.79
6867.97
3855.68
480.611
5808.99
5107.2
4878.98
9558.09
7819.95
4079.15
3035
5244.08
10652.2
5478.23
6270.12
4014.86
420.534
7696.58
6677.82
5345.3
955.74
5540.36
4978.9
10160.4
1119.72
1441.04
7812.76
2284.85
8245.73
3146.35
189.33
7177.89
9201.66
1416.16
6508.32
8478.44
5156.79
3285.5
8134.62
3186.23
5618.09
7223.93
1020.47
5412.35
6631.02
2600.45
2489.29
2280.4
4996.57
3048.23
6553.64
5708.35
4364.94
6908.2
5968.07
3868.28
3125.25
8907.07
1233.98
4207.07
1686.87
6717.08
8916.41
3564.32
6132.27
3169.37
9060.15
8438.77
8469.22
8617.64
4082.36
5044.38
5982.63
5437.51
4904.53
1911.6
9528.57
4283.47
5156.23
5065.39
7419.83
2347.7
6813.15
6119.79
1242.34
5289.88
6336.03
8276.68
6296.15
1044.19
3656.85
6039.76
5793.18
9049.79
1239.65
5786.6
7144.75
9479.47
1128.94
1890.31
5890.11
3864.35
4418.08
2618.16
3248.05
2938.44
3180.57
9097.59
2455.15
5598.14
6174.58
6936.73
6313.8
6420.18
4153.44
6322.66
5698.62
8437.71
5698.53
3810.2
916.178
8497.95
7918.77
378.744
7333.74
2961.66
1997.63
751.692
6891.91
9486.15
1761.53
7295.33
8101.23
5590.6
6377.25
3937.03
894.983
6532.26
6053.12
1093.72
708.313
5150.33
291.614
7944.03
6593.47
512.129
3760.53
6835.82
4267.26
2882.15
4973.15
5320.35
4674.37
7677.76
5593.37
5916.88
4794.32
4214.74
8253.01
4666.86
3770.58
3178.42
7000.09
3546.35
4094.64
4572.03
5211.41
5578.16
4081.25
3231.41
7697.84
5400.43
4749.55
8906.29
4375.05
3589.43
2085.84
5898.56
3800.9
1284.88
607.054
8782.01
366.119
5932.07
4936.68
4826.72
6282.22
10342.8
6301.04
7473.94
4301.84
5312.98
8009.97
9241.75
898.538
3849.7
8415.94
5149.9
1636.42
1161.47
4097.84
6975.94
2016.34
8279.64
5066.74
9543.44
4988.41
7174.43
5252.27
7366.56
6186.29
919.626
8043.91
6292.49
4361.24
6277.19
4473.06
8090.32
2217.91
7597.66
2507.18
5463.01
12113.7
7857.24
6098.79
9956.4
3805.01
4699.42
4590.1
6784.59
7721.51
11533.2
3752.38
6304.76
3402.66
6696.04
1654.12
5465.99
384.955
1121.04
6390.27
1851.67
7163.66
3639.47
3845.25
7062.63
2669.1
8778.48
4744.93
2993.36
1320.71
9600.72
1050.52
5172.18
9188.86
6720.56
6870.01
5384.51
6718.44
5246.54
5222.18
1677.9
7860.89
4261.79
2795.16
8644.55
4652.28
8137.22
7773.27
5829.49
2477.5
8365.72
7831.62
53.3107
3532.45
5305.73
7380.57
3907.92
2241.73
4630.54
3791.75
3557.45
3875.17
615.602
2007.66
6938.45
4830.78
6658.87
7563.62
2588.36
3236.02
5501.31
8715.62
7768.44
6322.25
4105.78
5842.1
4437.52
5085.23
4070.36
3464.08
4923.18
1303.81
4555.07
10642.8
2360.47
1959.57
3442.17
1810.97
3113.19
8101.47
7352.39
8233.54
6903.3
2470.97
752.234
3062.98
3996.68
1501.98
5434.39
2120.69
12691
4603.57
8285.01
4743.16
5677.59
6430.71
1266.33
6900.83
5127.3
7863.37
6295.17
4055.97
3546.88
6120.12
5445.17
6284.79
2553.36
4476.09
5063.49
5146.34
9589.41
1798.27
4373.66
1102.03
6082.12
5561.08
7769.02
1463.11
6612.85
4531.8
260.577
6064.91
6503.42
8514.08
5558.99
9127.72
5521.23
3994.63
5178.46
1330.17
79.5954
4604.41
7501.09
8616.61
4571.66
4783.48
5851.53
4771.07
1936.4
3807.5
9335.31
81514.6
7464.57
4267.67
1129.47
1160.23
8889.92
6557.77
3590.18
3739.21
5351.72
2267.7
10293.9
2274.7
10482.9
7517.08
5106.31
10283
4617.76
1060.89
2023.12
4503.67
976.98
8467.8
3493.45
4412.5
5628.34
3536.06
3437.62
2638.82
235.281
4701.16
3259.28
4869.9
9719.84
5606.15
7327.44
5999.67
6123.9
5263.51
1142.06
4438.82
7087.29
7435.41
4617.72
5515.15
6341.53
2490.8
2328.76
71.8304
7970.6
6416.19
4626.04
6639.7
2179.92
6308.14
1574.83
432.082
8366.26
4159.56
6610.92
3554.35
5026.81
1906.6
3332.75
2709.07
3457.71
5587.02
7922.42
6155.89
8752.95
6307.27
2465.66
5788.48
5133.11
4856.32
7813.71
3614.74
4255.7
1255.55
11306.8
8227.63
4046.64
5898.47
5319.14
6410.93
5585.5
3248.75
9275.81
5653.03
6368.81
4656.77
7730.12
5984.93
5585.08
6187.33
6232.29
1660.43
4493.23
6355.49
2804.47
4420.29
6087.88
2652.14
5037.02
4548.83
5806.52
442.796
9388.61
7284.02
3712.78
9847.53
6321.77
5686.41
4225.92
860.207
6612.12
5616.83
5643.15
7904.73
3402.59
6796.3
9534.98
4012.07
6284.39
4378.78
4877.43
5318.62
9079.7
4191.39
8041.91
6301.16
3346.02
6180.48
4688.59
8449.26
6696.94
5263.45
4298.84
2358.54
4785.9
3423.4
5369.03
6659.97
3219.14
6384.89
8026.06
881.997
3486.5
5582.15
9341.31
6758.93
2300.09
5176.63
4339.54
1953.29
3610.7
7692.97
7191.51
8798.45
5518.79
12089.5
1160.81
6258.4
4730.93
1150.22
8128.62
5084.71
5970.1
7155.7
2967.51
8698.14
616.256
4593.94
9993.13
3004.9
3062.65
6944.08
2808.04
311.627
5733.53
1811.28
6781.5
5400.97
6273.6
5904.54
7140.25
4896.98
3196.37
8159.13
1482.2
5392.29
4316.87
3067.65
5177.28
4732.32
5351.79
7903.02
3266.12
7677.8
664.524
5669.06
5451.62
7858.01
10811.1
3089.48
7547.31
10846.9
5208.89
2914.26
8313.45
5629.55
478.031
1998.32
3806.83
6809.66
2833.46
7421.44
8677.23
3876.07
5458.28
675.774
8090.5
6180.87
485.082
3672.54
9689.45
4221.9
11100.4
2958.61
10741.8
8344.05
2222.97
2650.59
5728.83
8081.63
2601.04
3676.35
6920.36
3386.97
4344.04
2858.69
4632.32
4433.77
1065.57
8381.85
1301.83
7046.01
4080.7
4087.73
1872.36
1307.96
6516.74
4337.12
6121.17
4452.07
3993.56
7107.58
4683.09
1294.28
2888.36
8676.31
4119.22
4399.23
2019.62
5771.55
2669.32
5456.63
5592.09
2866.99
5216.37
4397.33
9686.49
6679.17
1162.99
3683.42
4000.92
1906.2
4862.8
2237.97
7084.37
200.644
1449.69
4553.48
5960.58
6945.29
2984.18
5063.34
4574.51
1358.42
7263.89
4950.48
9222.25
6313.71
4439.28
4878.06
5769.55
7621.75
4514.2
4390.03
6347.86
5017.81
5390.61
4829.61
2392.6
8012.91
6993.96
4005.1
3424.23
4954.09
9939.91
8008.8
5567.97
5351.26
7668.92
1886.97
5812.24
6844.79
3795.85
6457.28
6373.27
7918.59
4610.64
10604.6
745.89
6921.66
5218.69
4344.43
2694.52
10923.7
3344.16
1309.38
6232.35
5607.05
4785.65
5479.26
7632.99
6043.23
6786.97
6030.23
2935.06
4653.16
3312.65
5185.96
964.934
5441.01
7079.89
5234.37
4523.25
5330.89
7139
6658.02
6426.26
3348.53
2785.4
7773.43
6208.2
5760.15
4800.09
5987.68
2008.72
8821.75
5532.54
4080.35
983.255
4954.46
7126.05
6956.28
6138.59
6473.86
7354.45
5913
5652.19
9339.07
5955.7
596.768
10598.3
912.163
5576.1
6528.78
3867.99
2433.29
5642.06
5364.77
4976.03
4193.32
1253.94
5832.59
4590.92
2628.2
7037.93
3251.54
5279.98
8189.94
11123
7147.53
1916.5
663.258
1971.37
7409.57
3403.05
7132.12
8468.35
3992.79
6673.12
6049.37
3769.17
7794.24
5244.97
4456.03
3280.27
5632.18
8583.03
8325.4
5597.28
7687.22
7731.17
4905.8
8672.17
9279.86
3161.83
5933.33
4958.67
3918.72
2034.7
7678.27
5853.16
1773.79
7658.9
8058.28
1878.85
7116.38
4425.83
6706.86
11436.3
5753.84
7460.6
3569.75
3097.9
4316.24
7955.38
3739.3
1125.24
4990.14
4147.52
3504.27
7640.52
4974.18
7672.59
6894.93
2205.26
4847.77
4533.78
9544.1
728.72
8589.83
5951.69
4383.42
2900.31
3929.77
6652.32
7953.13
6941.81
3437.05
4811.83
2749.53
7152.35
5792.75
6908.17
8010.34
3345.22
6781.41
9645.63
5664.31
5190.84
5814.79
5690.55
4216.86
9971.4
2028.9
8287.99
8784.43
9546.51
4642.15
4821.79
3571.25
629.592
1442.21
7705.77
10213.9
5370.76
5604.31
7188.34
5836.23
7452.59
9916.68
1154.31
7970.39
7578.2
5160.08
2052.53
4742.86
6143.9
7004.04
8435.08
7992.41
2983.3
6898.43
7725.03
4910.79
978.925
4150.18
1129.13
5271.8
693.673
6208.85
8118.64
3155.14
4555.07
2472.73
9180.71
10754.5
7042.45
11385.9
100.282
3883.56
6183.75
9067.31
6714.05
7436.73
3544.02
3815.94
4907.35
7067.74
3710.38
5978.55
5214.42
6220.08
5422.04
6324.76
7857.97
6145.74
5546.9
5609.8
7654.7
5228.02
7370.34
7575.03
7098.5
5857.78
8500.34
5037.96
6614.19
6088.22
6960.37
9549.27
3750.99
7697.55
6429.1
3230.9
9962.89
12649.5
699.558
6401.85
3049.98
4568.39
5163.08
5743.42
8666.72
5310.56
9080.55
4296.49
8067.39
4965.76
6562.24
3317.09
559.336
6695.68
6329.36
8230.37
8478.87
7876.52
6779.27
3610.84
6217.26
3897.1
4326.13
5206.66
1073.72
5983.26
11884.8
2335.61
8060.02
7885.89
6573.89
7827.54
5251.98
4941.25
8419.47
2463.18
4983.6
5958.53
8733.05
7598.46
3796.67
7303.96
3058.53
787.512
1708.91
654.247
4085.36
742.234
4388.84
3693.68
7030.52
7177.61
7432.08
5210.6
6888.81
5635.93
5491.74
3425.8
2130.13
1543.78
2911.79
6115.94
6770.43
5184.76
3670.89
2649.42
5902.69
7257.25
1168.61
3797.43
2817.54
1889.88
495.595
6070.65
10273.5
5122.12
6475.44
5782
2452.62
2606.07
9371.09
5675.95
11128.1
4296.46
9800.79
5721.04
6902.01
3846.03
5451.52
5815.12
1467.84
3527.93
4340.96
7718.4
7795.31
4866.77
5697.02
9939.87
7543.07
6097.09
2059.8
4699.73
5962.14
8281.05
8599.27
3209.85
4138.07
6039.63
3108.32
1688.83
1342.66
4863.48
3883.74
3802.14
5985.51
5122.92
5307.36
5371.34
3480.67
6880.56
7064.56
456.967
4462.29
6658.64
873.879
8081.74
5255.55
8628.79
3193.94
2821.42
5884.73
2300.51
6817.22
11566.3
4026.97
6445.85
3892.73
4352.96
1591.87
6172.57
1251.57
5523.96
2434.54
343.875
4508.44
8671.6
4884.8
6383.21
6130.19
5737.91
2010.99
6496.89
6560.41
1981.69
4462.66
9655.91
1170.67
419.876
3096.91
5707.12
5220.57
7067.89
4341.77
5332.79
8051.37
3857.45
4824.81
6592.4
1519.86
5833.47
6044.69
4716.79
2414.76
7882.17
4349.77
7397.97
4185.98
5020.35
4664.28
7186.29
7831.82
1858.81
3202.64
3430.19
5627.67
3102.06
4282.53
3096.11
9319.42
6772.19
2851.04
8428.7
7304.48
9045.3
6198.25
7973.81
4928.42
4376.5
7751.69
6558.58
3090.98
4895.3
2614.66
5286.76
3815.95
8034.28
1078.82
5339.74
6032.88
8728.36
4606.27
1241.42
5250.84
1623.02
598.586
7782.1
5313.69
743.484
916.935
166.698
6118.22
8018.78
7404.16
4972.65
4752.24
1661.12
5053.18
4152.89
1604.74
4857.13
5068.98
4852.92
8190.49
5592.78
5029.08
8604.14
5318.37
888.883
5060.44
7229.27
11845.3
4179.62
2561.34
4271.92
8898.92
7747.49
5503.97
269.173
2393.6
3808.98
6057.82
7583.65
2136.21
3367.48
8771.48
1752.92
1029.27
1571.51
3692.76
626.942
4727.77
7937.17
2962.17
4114.05
3566.48
6071.06
2257.21
1224.96
9349.96
10688.3
4165.78
6625.05
6750.49
3711.48
3676.64
5402.49
4187.1
7837.7
7390.95
3772.37
2000.96
7847.32
6713.85
4623.28
4955.64
5864.01
11013.2
6465.43
8527.45
3676
6012.02
1379.56
7968.43
8457.7
5811.71
6964.98
4399.28
5107.04
3097.66
8668.19
3072.02
7039.33
8365.2
3006.65
7306.53
4496.94
3756.69
6071.04
5160.94
8490.53
7647.74
3379.67
3190.64
3430.73
4519.26
3133.27
2676.84
8029.64
6982.91
3324.26
4402.45
4282.81
7644.66
4885.93
653.232
2280.25
3553.73
7565.73
1017.36
7828.53
6524.02
1376.21
1804.29
5725.86
3218.11
6641.55
3867.27
5533.17
7399.3
6331.72
8807
7522.83
6680.89
2672.04
10286.4
4054.5
8261.93
526.925
8417.1
7108.85
3203.39
2837.39
4631.16
3433.42
9929.01
7397.49
4368.72
2899.83
5122.72
6521.5
6981
8461.11
3047.58
3584.46
6097.29
2234.81
8374.96
2853.68
7376.47
2537.57
3654.12
9884.16
5561.84
11650.3
9156.12
6379.82
6130.65
6176.19
5043.06
6903.37
6528.35
8669.14
6913.07
4724.71
665.074
8900.38
9638.29
7254.84
6422.41
1826.52
4115.06
6229.35
6420.04
517.257
4482.06
6331.55
5231.54
6698.97
7742.43
9616.46
7274.78
8275.3
5511.17
645.625
5038.2
4426.72
1918.89
6509.25
5699.02
9585.78
1838.54
8857.1
2488.23
1555.97
8871.25
4099.73
4619.84
1016.56
10098.4
3771.96
3862.58
5618.37
4747.87
1287.51
3526.46
402.143
2004.31
3996.53
5444.76
6650.31
4031.99
3218.86
6733.39
4590.99
6293.06
7844.71
464.373
8191.22
3740.84
4408.48
6371.21
4664.73
8135.87
8628.31
7391.96
4882.09
8820.47
7008.8
5815.25
5617.58
6382.02
3693.78
1224.78
2848.77
12121.8
2390.75
8234.55
4899.28
9237.33
4796.86
9168.25
6843.55
5195.23
9582.49
8332.94
2149.47
5318.8
5748.12
4388.63
1781.26
3220.93
5617.92
6539.12
3069.17
8854.9
626.692
7248.2
4778.26
9163.94
6465.98
3255.35
6713.09
5776.61
3680.07
3227.51
7198.94
9265.32
10768
12936.5
9694.09
3342.09
693.2
4110.13
7164.41
3768.82
7531.51
7936.66
5652.13
6138.65
5282.25
5717.61
4711.03
5875.99
5231.42
6632.8
6913.9
6904.2
7350.57
6065.92
4910.43
7407.09
6124.81
2969.27
6197.6
7191.54
5904.19
3889.42
6006.73
7922.33
5005.31
7006.47
4523.36
1627.51
2846.58
9201.44
6869.3
4721.44
655.533
4399.8
1924.67
10231
6197.22
7183.11
3272.07
7472.39
5501.78
1054.27
4108.42
7360.78
6161.24
6053.48
10592.7
7417.16
6138.6
5320.66
6899.82
5982.9
4858.71
10009.8
2305.59
4841.02
5142.04
4515.84
4224.51
2899.35
5222.97
6517.98
6472.6
6965.83
6065.03
1637.76
6030.67
5439.49
2111.28
638.896
1735.83
7786.08
1666.08
7258.96
4983
2734.33
6769.42
6270.19
6608.96
2822.81
5135.62
5104.03
6153.37
1924.69
4826.54
3483.72
4632.33
5931.05
7839.76
11155
10674.4
4534.5
1718.83
5491.52
3406.87
7336.3
7051.57
3595.28
2904.71
6325.2
7452.56
3528.39
2520.7
4027.25
10281.5
3892.04
5862.84
7404.67
990.52
4939.59
7542.21
4320.08
4405.28
672.723
5912.89
2871.25
6475.4
2494.33
4197.68
7718.92
4144.92
8023.62
5041.23
476.981
5622.49
7646.19
6846.19
10271.4
7077.77
6983.84
986.528
6928.24
2659.91
3158.38
8460.26
7593.99
1880.63
743.154
5425.1
1368.3
13786
4430.38
1901.79
3398.55
6315.45
12133
7798.5
7030.51
3564.6
5158.05
1694.64
8571.98
8567.18
2368.58
3046.8
2698.18
5237.13
2277.02
8174.35
9216.45
6010.05
7880.22
6366.64
1767.1
6165.9
5718.39
9155.92
3460.43
6600.12
5865.46
4752.81
6249.61
3254.26
3564.9
5737.77
7070.5
6437.27
7208.7
6601.56
1015.16
3256.66
2221.94
5474.06
2774.99
5080.21
5701.22
3605.25
363.525
6447.96
4009.88
4049.13
4937.22
1082.99
6432.12
8492.06
7144.82
10357.9
6286.99
3954.16
5497.34
1036.81
8190.42
5413.11
3180.8
7027.6
4103.8
6103.9
4702.62
5186.36
1461.29
9590.66
7617.64
4085.8
6304.37
1118.23
2633.97
4622.16
5118.52
3738.93
7468.15
7764.3
4791.94
5946.53
5860.19
918.177
7569.1
4176.17
3623.32
5787.59
6487.66
9878.6
953.358
5388.29
7604.17
6921.04
4460.47
6366.78
1635.53
3306.76
5474.66
11154.7
6210.64
1199.14
8447.78
2313.67
1821.86
3178.26
4916.42
5908.18
4558.05
8156.68
3037.06
3564.63
6474.28
1557.57
4849.04
1781.68
7837.53
7707.13
7353.75
2287.44
5120.75
987.161
2215.68
8106.28
6834.68
1492.3
6007.56
1504.46
5863.9
4787.71
6800.99
6616.84
640.815
441.333
7179.88
2390.05
2999.69
3666.88
7063.11
5700.67
1746.34
6603.12
2582.42
3109.95
4371.53
867.527
3997.87
6731.66
1935.85
677.797
2044.3
5222.32
9901.61
2639.15
1972.29
8065.41
7892.35
2777.07
10035.6
5225.44
11062.6
1611.42
2965.6
1941.34
1808.97
7667.95
6328.5
6134.05
5254.73
2136.39
4171.33
9711
775.09
5366.11
61913.7
1089.02
7895.03
5905
6284.64
5684.09
6801.6
4615.98
5510.34
6400.45
4079.68
3289.49
2966.82
4042.44
534.703
5628.02
7066.44
6851.29
407.802
4735.24
6729.65
6419.5
5576.34
7716.54
6394.91
3247.55
7598.56
9414.44
8768.56
8028.55
2080.2
4972.2
2806.18
10195.4
1990.1
258.211
4988.97
8611.86
8837.27
5461.19
7662.72
5979.73
1360.5
5965.6
1710.68
4333.69
8419.84
4508.66
6873.94
4528.75
8203.14
4371.47
3322.56
6323.38
5360.13
4751.62
8455.42
3537.87
9434.6
7432.27
7902.16
4326.03
7271.11
2545.77
1118.83
8831.37
4587.78
8237.19
9980.52
1607.6
3277.62
2986.7
4373.73
4497.23
6580.36
480.898
7183.72
4730.27
3404.29
6904.98
1099.65
2787.5
5682.94
6070.71
4232.28
7082.28
5551.52
6028.3
6328.65
6627.3
7890.34
1689.9
3286.38
8556.84
7164.03
4927.7
3169.46
5007.78
8148.43
2207.5
10919.1
6612.83
7340.25
8822.49
5705.36
3756.38
8440.87
3487.34
5999.82
3449.81
5717.74
7054.87
8242.06
5433.7
6516.66
7494.36
5844.27
4476.56
7656
529.215
9377.13
6679.88
7609.29
2794.85
2169.26
4396.34
3239.61
8236.22
6307.01
7330.37
8491.35
6655.22
1167.6
5036.26
3132.28
6161.17
2185.13
6996.47
7767.53
6613.14
3211.15
6153.9
6262.93
2973.46
3583.37
4468.72
7628.7
9732.3
8764.58
6940.76
4984.37
9172.9
8309.22
2112.28
9029.95
4342.17
8595.22
3267.79
3959.27
7943.22
9880.17
6494.89
5612.71
6713.89
7241.66
9058.15
3830.5
8046.33
5309.49
4797.64
5179.73
5064.15
4288.07
5141.2
2537.28
3657.45
8921.81
6306.61
9058.42
5040.67
9619.78
7506.12
2216.45
4536.83
9592.51
4985.43
6161.78
7105.43
8154.36
4621.31
1531.68
3906.58
5801.27
3495.45
7364.43
6002.16
7144.61
5530.13
5981.41
601.999
6439.53
8390.82
2973.85
5371.14
1643.96
2613.51
6204.91
2278.63
4502.74
7611.57
6202.1
8011.61
3952.68
369.014
2679.64
2775
9336.09
7210.11
6745.02
4469.99
5168.5
7869.65
3964
6256.98
1811.56
6208.21
8917.8
7221.13
6005.04
5609.38
3013.71
8281.28
6665.2
4777.2
2000.55
3659.24
2835.28
3387.76
4817.89
640.485
7896.65
6633.28
12960.8
4182.34
3861.28
5479.7
5353.43
6961.22
6677.39
6793.92
136.89
9283.67
5889.7
3839.02
2936.92
4237.02
2538.1
8017.08
633.185
9848.79
8366.83
5383
2421.18
1373.23
7472.46
4597.18
7798.91
3723.1
8494.19
7411.24
8566.58
7464.63
6752.57
6232.5
2323.34
8064.41
4358.66
4495.36
871.316
5700.24
2867.08
4049.95
6275.27
5972.94
5159.24
3918.93
5070.87
6807.21
4422.4
7358.52
4765.79
2571.96
610.713
3464.58
6755.72
4128.94
6696.7
6975.38
1201.42
8355.68
11731.5
4572.46
1182.27
5420.44
3684.67
5254.76
4925.68
5591.13
5520.69
1604.89
3618.38
9007.45
4456.08
8020.89
5779.97
3062.24
5830.03
4934.08
7841.96
6720.04
3091.93
7405.81
9362.84
1741.5
3119.94
614.18
4256.88
4976.61
7994.72
2734.1
5224.43
5931.62
6694.37
6970.88
8553.17
6717.1
6160.83
6660.69
5621.9
383.971
3149.77
9081.6
1429.59
6764.24
6336.03
8647.66
2451.47
2368.26
3494.09
6587.62
4409.74
7879.72
9323.81
8541.48
1330.66
plan_time_all 1.26257e+07
