38.0632
72.7276
79.1889
99.4966
95.013
148.725
69.4529
170.96
141
86.8977
49.4089
61.3578
108.502
126.747
47.3745
118.966
121.304
107.501
164.17
92.2554
128.769
22.786
74.9264
22.4582
153.23
139.288
72.2916
126.596
85.2683
58.2357
147.854
80.1372
66.5188
33.4988
41.78
67.102
121.777
75.0709
47.0682
62.9065
75.2648
79.8251
107.417
63.6058
149.161
168.093
50.2008
30.132
119.129
127.614
41.3096
50.8936
12.2976
53.2292
52.1304
62.73
77.4576
76.8224
147.764
118.559
27.3107
145.038
62.1254
103.486
81.6593
38.6085
104.838
128.268
6.61451
55.4883
132.602
47.9472
175.117
52.9003
45.3054
175.308
44.1733
51.7377
170.121
124.949
25.6854
93.7101
60.5876
46.0067
20.016
57.357
96.8445
120.642
75.3426
111.446
135.273
82.543
108.512
26.2284
28.9659
198.811
57.1131
76.293
116.12
35.8614
65.5467
41.5033
96.7213
44.2284
26.0227
54.7563
84.4443
46.2972
105.847
131.005
118.825
87.1463
33.5881
22.6175
67.3362
186.586
83.2159
97.8164
81.0345
32.5404
89.2841
57.7764
49.8039
195.366
116.578
73.4572
100.278
98.0565
77.2082
84.7241
133.091
63.549
38.5431
68.4912
99.4424
35.2822
96.4455
48.7896
56.5001
145.417
48.9636
65.8361
105.392
62.7712
43.244
142.194
38.1303
137.609
111.322
88.2078
92.0672
119.357
30.9412
53.3899
74.7709
17.8453
118.491
146.238
60.5331
93.3513
39.4316
33.3991
21.459
32.0411
42.0646
75.6663
73.7248
143.213
118.448
43.246
187.799
120.2
75.9372
117.493
89.2046
127.097
89.3851
51.4917
110.007
136.969
23.3269
45.6039
88.5117
110.714
137.695
62.0361
81.2154
130.941
57.9472
113.922
94.5901
146.663
111.721
110.551
24.7753
64.3284
27.9656
114.005
23.458
124.411
36.374
73.3521
75.4485
155.537
119.858
78.3517
101.757
142.48
91.9675
29.1039
154.261
142.028
87.498
79.3377
37.2602
135.851
83.6903
77.1641
40.7985
118.162
96.7453
114.161
134.736
147.491
112.889
85.6232
90.6362
127.906
153.835
87.5506
17.9726
10.3853
51.7596
38.8013
56.054
10.5995
132.279
90.6489
69.5777
114.784
148.437
119.046
134.171
56.9
140.221
113.011
40.6644
99.6099
139.447
40.9692
176.32
72.8388
130.684
84.8263
141.008
170.176
112.591
66.7002
92.7546
48.6772
63.3592
26.3187
82.2785
68.9613
48.5032
194.692
114.605
37.4468
124.343
45.7527
58.5231
108.721
77.0265
127.936
88.4752
99.6565
84.0925
189.956
81.287
135.745
162.089
30.289
86.0931
139.674
142.383
175.084
129.819
130.25
88.6377
116.379
97.928
24.6984
110.51
95.7347
61.5707
172.724
161.447
62.9639
49.9891
101.513
180.564
72.2392
101.398
47.5222
38.0491
141.513
89.6858
72.2668
32.1465
67.2608
52.7233
185.635
56.0935
36.9269
111.481
38.5576
158.509
77.4631
11.458
111.81
174.426
28.6423
141.149
138.65
96.7986
60.5651
64.4132
50.685
113.686
125.722
33.5338
88.6886
126.853
55.6662
37.7921
50.8129
93.1543
71.9929
119.358
83.7806
69.8792
124.145
110.694
69.7388
47.5778
133.64
41.6184
92.7933
43.9733
144.746
149.556
65.397
104.57
71.2956
140.938
124.112
158.239
151.362
76.2021
84.2636
114.313
85.9009
91.2333
33.7045
127.941
72.2903
116.7
82.5965
104.799
45.245
128.602
111.871
27.0811
98.3718
79.0566
142.443
108.317
20.2177
65.4109
68.3369
127.712
69.358
28.5407
131.996
79.932
163.093
33.0844
36.521
119.409
68.4322
100.024
42.9767
73.848
49.2466
55.7334
145.159
39.573
86.2314
97.933
140.166
129.665
82.2663
90.4905
130.171
107.439
114.862
105.723
68.2222
30.2616
129.494
152.127
21.8132
116.484
63.1363
50.1243
21.1525
124.078
173.728
46.0682
157.782
138.525
105.225
85.4554
67.5205
31.9883
96.5188
94.1821
23.7025
35.3901
89.6442
10.9388
159.78
113.688
34.3675
66.8281
127.357
55.9815
46.6848
106.318
59.0513
71.7971
118.848
75.7044
86.7264
53.9083
76.3145
155.757
80.2361
67.8414
70.1782
113.501
66.4217
77.214
91.3687
102.605
94.0399
82.0666
41.3405
152.832
88.168
88.7795
176.308
106.75
72.4857
67.4554
102.515
65.1238
51.3184
39.3493
140.398
35.6339
91.8565
81.0129
60.7352
109.556
166.282
132.692
135.887
43.9431
89.6339
146.252
159.375
26.2531
69.9647
158.552
73.0305
27.3871
27.4384
88.3754
117.073
51.5415
136.915
103.416
179.118
116.573
109.59
102.623
97.9899
88.7879
36.3786
102.64
141.864
102.927
86.5385
95.2757
111.161
43.9025
143.116
33.1282
101.536
183.759
151.221
141.723
72.811
49.2687
115.425
97.1385
64.6018
143.699
170.772
60.2777
112.88
61.9927
99.2126
37.9386
88.2797
8.64645
36.7425
91.7744
47.3647
133.281
39.6549
60.2085
121.642
43.2173
154.707
90.1767
49.3808
37.8545
136.066
37.7793
118.643
168.962
138.003
82.5689
87.9135
135.173
41.1846
122.847
35.0755
105.909
70.9163
53.2033
150.479
65.7458
113.147
137.484
127.649
45.0873
152.99
152.528
16.1968
67.2455
102.54
149.293
90.3539
45.4727
74.7705
97.6074
52.5801
92.5135
33.9323
41.8817
121.15
100.565
129.315
127.588
43.6801
39.7468
117.233
115.673
129.387
111.254
99.3046
97.2006
98.6836
82.8934
81.028
68.0191
79.2801
24.6822
62.9878
161.285
63.1203
40.881
63.9023
45.9444
74.599
124.653
149.351
139.674
151.011
54.0328
31.265
71.906
79.56
46.8037
123.169
54.0828
182.331
71.9735
144.74
81.0549
71.4466
107.148
37.7806
109.473
93.4632
112.959
124.276
80.3632
82.4363
120.097
92.5074
133.968
42.8502
65.1361
82.4651
96.8063
153.208
51.1924
69.7959
26.6827
109.598
103.025
127.226
31.212
90.4451
94.7692
15.2886
90.0684
88.4232
141.56
119.384
158.585
67.8123
62.272
104.683
29.9939
9.41547
75.3673
145.841
162.726
71.2122
113.93
110.423
110.007
26.2744
70.7549
188.889
219.495
125.227
75.6464
24.1521
25.284
150.517
116.663
62.423
59.6768
100.27
56.5596
167.842
32.7134
154.304
122.207
109.666
183.399
63.6821
38.7394
49.3691
79.7157
26.97
142.5
72.9329
75.9657
128.992
61.5021
44.2491
53.3903
19.4736
67.2984
56.2526
69.6635
84.4486
113.584
103.907
125.523
132.766
118.886
32.8504
78.195
118.497
116.713
88.8429
109.261
113.261
56.995
49.2642
14.2402
150.576
82.1739
66.1159
125.036
54.6862
78.7747
37.183
24.2356
135.166
66.3822
84.0593
65.0844
111.943
53.3169
49.0442
37.5304
42.8327
125.463
86.0074
94.6754
157.301
122.302
55.3485
36.9893
109.107
55.3539
145.017
77.7998
106.889
29.3183
168.214
122.443
68.0478
110.89
51.6402
123.699
129.978
56.1298
163.885
63.0171
88.3972
65.5419
178.755
132.551
98.246
56.6546
81.5548
28.2717
105.992
103.77
47.1204
51.8422
122.033
38.7376
60.0454
113.206
81.1288
23.4654
161.29
124.472
57.9127
187.915
118.6
139.99
79.8967
28.1045
133.436
82.2395
104.244
122.633
57.2359
117.291
153.847
63.0614
130.426
59.1092
104.078
87.497
186.783
62.9151
150.77
64.1332
62.9927
104.734
116.897
160.084
83.0302
87.7884
92.0531
40.91
117.728
62.8238
80.9208
127.592
73.5654
108.08
108.367
64.2295
60.3083
92.0733
164.33
130.201
46.5181
89.0089
109.619
37.6665
92.1436
121.991
123.895
148.282
103.409
192.91
29.0617
98.547
99.349
16.2721
92.6536
69.6785
126.155
122.791
46.9467
160.316
33.2043
95.7971
174.405
49.1795
50.7928
143.057
58.2966
17.1072
95.8783
42.0967
92.3237
99.8166
123.862
77.9961
134.426
98.8164
27.2849
156.169
20.7667
127.03
91.4705
36.3302
116.985
74.3235
113.645
144.82
51.1899
148.7
16.4117
126.385
115.683
150.625
173.845
58.6617
87.3673
186.548
72.1923
52.4515
137.875
72.544
16.9412
36.8533
49.0446
113.099
64.6057
90.9561
168.569
55.4673
87.1147
32.2803
133.532
105.128
25.3834
88.4471
111.391
72.7663
185.621
55.3078
171.302
155.952
54.5305
42.4011
96.699
113.924
38.5469
69.922
134.26
70.7133
80.3547
56.4942
70.366
87.0185
27.4403
131.238
21.5158
127.287
103.85
78.3466
55.9264
36.7374
79.0419
81.3166
105.81
86.0416
76.0258
126.296
80.1706
35.1321
60.6597
159.272
82.722
72.6972
36.9097
52.4864
49.8675
113.976
86.6659
49.272
56.066
53.0769
171.618
110.414
32.3722
68.7013
55.5492
28.4573
54.5151
48.4258
124.37
10.2535
40.7817
62.3367
107.639
105.381
64.2954
105.065
70.0079
31.2985
88.9072
80.6726
168.678
136.889
89.9215
90.4214
78.8179
113.671
96.7468
94.1801
139.61
78.7285
117.341
64.4761
35.2783
106.75
147.231
60.2766
61.3165
69.2707
173.387
158.523
78.0309
87.6759
132.861
58.1966
62.1572
117.144
68.7827
82.2018
65.2823
111.195
87.3727
156.718
28.2634
133.341
95.037
70.6685
36.3435
200.435
66.1603
35.3429
121.428
77.1193
89.9735
85.109
121.61
93.6328
132.113
97.1754
56.7225
66.2271
55.7343
39.986
46.3002
70.1528
124.453
85.8864
92.7802
114.638
119.535
108.506
119.303
65.528
49.0102
130.32
111.351
80.5359
75.4163
101.564
25.4572
110.752
96.295
73.4917
38.4297
57.0892
102.304
150.887
113.651
105.323
125.186
107.055
87.0263
159.79
64.5286
30.7023
144.723
52.1978
85.9773
143.846
71.2533
50.729
102.523
80.2747
69.2954
76.9197
42.7848
91.1096
71.9151
58.8885
112.299
53.2155
87.8534
139.987
166.759
137.359
42.3129
25.3342
37.3096
100.888
51.268
120.575
160.381
98.4192
97.0266
91.1518
89.0532
151.973
101.914
74.0157
70.9336
111.907
151.072
101.264
91.2377
138.695
124.521
57.6388
165.521
153.667
69.4394
117.406
104.652
56.9416
37.2164
160.026
99.7375
28.76
152.573
130.375
35.7373
144.722
73.3883
84.2619
171.842
111.089
133.471
53.7295
46.1411
77.1832
139.072
46.5809
40.6261
67.3123
57.6346
49.3005
147.175
92.695
128.207
92.2245
42.461
78.7792
86.1175
153.16
20.2583
149.336
92.4834
67.7703
57.539
51.0757
138.072
143.333
119.456
63.4343
90.662
21.9334
140.642
102.936
117.686
142.638
60.4514
89.3017
103.026
96.9742
57.9137
94.8187
112.199
90.8976
173.722
52.5599
124.511
150.502
171.77
97.8182
69.1207
57.318
11.1419
31.0776
136.809
182.891
52.1734
132.943
100.85
84.1091
137.355
168.78
42.185
160.494
151.33
65.1178
42.5128
67.1615
75.9834
118.39
127.603
112.104
38.6386
119.758
120.5
67.9675
16.9502
93.7331
10.778
73.6445
29.7471
102.565
149.582
43.4329
105.308
55.1353
124.028
173.455
102.463
205.38
19.1988
81.4716
109.742
146.522
137.705
118.394
70.6264
67.1461
103.858
158.949
31.9086
63.0941
83.6361
120.643
77.7858
63.091
127.801
90.3693
120.688
26.599
137.31
79.4427
126.73
130.771
77.4204
114.773
169.068
84.6401
81.5623
105.203
122.977
121.309
70.9934
135.604
103.034
79.8326
182.177
192.435
40.3967
124.782
58.9836
75.0245
68.0274
109.68
149.172
80.3973
158.66
73.1605
96.0808
66.5315
109.117
55.0344
7.51785
69.4554
142.47
140.13
131.104
140.514
116.589
66.2996
116.128
47.3858
68.1648
92.2031
31.1557
95.4455
208.671
43.5395
150.905
124.857
110.497
149.415
112.302
113.129
153.573
39.0174
82.7265
87.3859
125.045
146.225
66.3895
91.926
46.9913
28.6777
42.3451
23.012
74.6932
23.8937
72.6908
42.8295
133.824
74.4931
122.562
88.4603
119.375
117.113
88.0487
50.602
53.1146
35.1658
52.588
101.316
121.912
76.8038
75.5047
54.2271
72.0427
110
19.0215
52.232
68.2183
34.8427
43.555
91.2842
130.95
85.3749
105.333
87.5759
44.7984
80.9797
164.214
118.088
184.769
80.8598
146.635
98.0687
141.116
66.5228
48.9658
79.0441
16.0687
64.1499
101.108
134.537
144.428
108.222
66.4597
180.072
139.466
84.3163
32.8483
52.4298
87.9712
116.518
146.901
67.5534
64.9087
79.5945
60.0186
46.3721
49.6427
110.009
74.8883
91.0067
89.1284
63.523
69.7335
74.0849
56.6727
128.642
150.799
20.8058
82.7897
103.837
31.3821
155.303
97.6683
134.18
42.5525
55.4358
102.036
52.1053
120.001
179.215
75.4455
115.735
37.4927
91.9058
22.6843
126.754
35.7995
73.9383
37.7103
27.5165
72.8076
138.32
103.212
85.3461
120.036
83.2214
57.841
136.43
108.886
30.9647
77.3403
163.892
32.7953
22.2195
44.8464
117.457
78.6653
104.868
88.1744
126.097
116.273
43.1019
96.4249
82.8902
42.8012
78.9862
73.3738
63.565
36.2747
135.224
108.993
112.614
62.2891
74.3403
79.514
135.022
124.085
30.2172
39.1877
44.3741
126.333
39.322
68.1118
57.3365
159.761
146.003
46.2701
143.022
127.331
168.89
69.8995
136.596
98.8638
63.2895
80.5009
120.412
72.0618
107.985
50.6486
91.5115
32.5927
103.822
29.4848
81.6609
117.896
153.628
60.2718
31.2801
101.504
38.5546
26.5207
149.61
101.486
33.8728
27.8878
23.5805
103.089
169.223
118.823
126.874
64.0827
44.9983
97.7531
58.0372
55.4924
93.5706
71.6747
88.0964
157.001
71.2017
86.8416
158.204
88.7591
19.688
104.205
133.058
164.056
76.8684
40.4238
27.1163
145.073
150.249
85.8507
27.4563
52.3267
92.1143
90.1099
148.857
35.356
55.6529
144.927
46.7571
16.6622
49.4546
49.6742
36.6539
73.2677
138.294
48.1869
68.4797
56.4024
101.619
48.7297
26.5642
163.904
174.42
88.4897
136.673
88.5505
93.6937
50.357
121.582
67.2307
137.75
146.783
67.9901
52.3914
141.637
130.228
70.7008
81.4722
85.8472
180.601
92.6151
161.24
46.882
90.6943
32.268
134.663
111.271
104.198
114.363
80.9737
90.9491
39.711
137.417
44.6468
113.845
100.337
45.4562
124.163
64.9604
67.1521
88.3218
111.246
141.097
156.189
75.9986
66.9701
77.5744
99.7029
58.9935
56.6866
129.79
82.5651
66.9346
75.0746
59.4467
150.26
105.49
29.0338
40.2507
66.1032
120.62
22.0691
136.716
113.602
26.3418
53.9832
115.794
75.0828
120.927
68.9294
75.7147
130.821
120.383
146.532
121.283
110.296
60.1493
141.87
58.9929
132.503
18.9418
147.938
142.544
64.4824
63.5267
80.635
62.1753
135.606
105.817
61.2818
42.1632
111.432
112.666
122.563
125.33
63.1446
52.3887
139.878
30.1326
132.627
60.1127
110.74
47.3691
76.5537
185.777
64.6089
170.474
146.323
129.754
100.727
86.4094
67.3539
125.546
94.6677
113.885
136.788
70.8275
19.2903
170.994
162.624
92.522
111.073
55.5165
101.799
106.638
97.2285
22.06
77.0117
102.352
128.816
140.278
136.945
165.773
78.738
110.365
92.0748
22.4704
80.0547
92.1244
75.522
116.927
83.7221
177.048
36.054
131.263
37.4808
50.3855
148.12
102.981
67.3572
26.9041
159.069
64.1158
61.0942
80.4624
86.7748
20.8939
51.3942
28.8684
26.4659
61.5431
100.307
128.863
86.2358
67.8291
112.931
41.5331
86.4012
65.9956
20.9086
127.343
46.209
86.0914
118.92
106.213
132.351
169.279
95.5702
114.093
178.658
131.558
91.9164
73.7965
122.153
58.9649
30.5623
60.7063
150.896
44.3234
122.51
75.9766
173.351
71.6044
151.752
154.347
102.809
146.087
122.798
30.7741
83.7317
100.144
51.1772
44.1607
44.496
108.721
108.085
68.8421
158.345
21.2736
110.847
82.4406
165.47
111.254
85.4419
122.757
126.771
72.2968
59.5093
81.8662
129.328
167.46
183.514
155.754
69.4412
21.1714
77.1366
140.82
56.0169
106.852
133.575
103.082
103.437
61.872
62.8377
53.655
105.713
110.659
110.527
82.0895
114.17
149.262
52.4644
74.4
119.399
59.0241
49.6216
90.3081
123.634
113.887
58.3013
96.9312
159.203
102.47
130.785
70.1307
44.7938
39.0507
159.004
156.041
75.6268
21.3528
95.895
46.8468
153.223
116.103
132.066
52.0375
86.1542
107.261
27.5632
83.8407
101.907
104.276
55.6339
163.627
116.761
111.229
124.322
108.256
107.925
57.7328
168.692
46.8592
66.6272
102.809
75.4408
62.4561
54.0556
81.5198
112.383
134.616
151.002
107.899
48.0118
103.334
65.0356
47.1507
37.6197
36.0198
147.293
53.9533
139.332
85.6906
50.8156
111.343
131.054
124.977
71.5432
88.9448
112.914
106.307
47.7932
73.3208
50.9792
73.6391
90.1983
143.151
149.402
160.457
48.9542
40.4514
99.8507
57.0728
138.604
117.701
50.8782
36.1587
116.752
81.2642
72.7576
48.6693
62.3144
148.898
57.665
90.7744
71.6955
17.3922
65.6349
120.199
84.5876
51.2616
38.2113
114.267
72.3316
115.755
79.5771
71.606
122.002
44.2815
130.816
81.248
23.1516
109.648
130.982
114.106
161.598
130.404
127.129
50.9062
109.586
45.9759
43.5794
151.774
110.423
16.4666
40.0478
86.1142
29.3334
150.196
83.0119
45.1968
83.3884
125.95
180.476
129.8
113.893
38.4732
120.416
57.371
129.717
184.234
61.5748
68.1054
47.3095
58.2961
37.5449
135.801
177.936
97.7187
134.053
89.3828
33.0905
96.5357
80.8544
91.2181
54.7207
97.2406
117.29
114.921
72.7349
53.3626
50.0996
97.6845
134.149
129.555
138.9
83.2767
36.3859
63.0551
35.4951
90.588
90.4228
93.1593
121.369
60.9521
28.7066
117.623
54.5236
61.413
51.0926
24.7164
115.367
173.2
125.978
156.316
120.248
84.9561
72.7085
25.0724
107.898
91.2594
55.1048
140.917
88.0321
111.019
89.135
101.362
25.0133
161.855
150.795
69.3897
127.365
40.6833
50.7573
61.9364
60.0809
77.5362
108.051
154.83
91.5498
99.8782
110.512
16.5849
113.375
51.0097
84.1025
70.5315
108.704
168.92
43.8289
97.1965
143.187
115.902
90.3186
121.026
52.0828
65.8191
79.5002
125.33
83.4426
31.6616
95.6576
35.6538
46.8689
64.7656
100.523
110.945
65.8125
107.735
46.7244
59.3035
82.8368
30.7989
97.8325
47.7766
149.779
133.676
89.0571
43.1501
61.1826
17.9239
59.2038
112.268
108.722
34.0141
118.503
32.2705
72.8235
106.993
81.506
102.757
8.39177
13.9053
82.4135
39.4157
59.07
53.0279
107.606
100.335
32.4032
94.4271
67.9002
37.7661
77.584
21.0147
57.1811
141.371
33.8998
30.1693
52.1838
88.3919
174.535
45.9789
39.7446
133.608
123.655
49.2299
137.982
59.6634
199.67
51.4104
56.4681
50.5307
48.302
92.2969
127.635
106.039
100.93
50.649
75.783
153.644
30.2495
81.5449
103.61
29.0018
138.119
93.1675
130.899
86.8807
104.515
70.5416
102.373
118.512
86.6806
65.6211
47.8719
74.0363
34.8037
115.453
155.068
109.223
13.475
74.6571
104.22
118.466
82.6147
117.079
111.351
78.2538
169.225
19.4606
136.462
138.302
47.971
62.8886
32.9532
93.1355
42.6886
20.5484
94.3485
120.641
150.747
79.9645
126.575
90.8283
36.2296
110.53
54.0877
70.3877
115.993
60.7955
90.5286
83.7539
124.899
66.1486
73.5493
111.7
108.767
88.334
115.659
63.077
124.215
120.83
159.323
72.475
133.233
57.0012
44.8917
152.804
86.6977
127.385
154.682
39.6746
67.7415
63.2812
70.2038
89.216
75.321
31.5329
126.653
73.0361
52.6215
92.5173
14.8291
39.6033
76.3135
89.2115
62.264
114.241
123.919
102.553
96.0064
73.1323
129.311
32.0485
47.7333
159.836
140.423
80.1325
63.1464
99.8476
146.187
50.9339
108.857
130.823
108.453
156.598
107.975
69.4551
113.593
74.1661
127.452
66.2062
117.494
127.789
128.084
83.7416
120.78
168.236
107.633
79.6578
137.516
12.6928
169.224
164.219
107.627
53.7114
40.7293
68.5855
56.6604
145.349
75.5641
154.469
155.129
129.85
18.5289
84.6628
57.4998
120.504
47.9826
155.205
125.936
115.394
31.6657
123.774
98.48
68.0518
80.1445
101.658
54.8324
183.619
162.977
64.6211
115.967
162.452
153.674
39.1928
160.107
70.4789
168.536
46.1062
112.531
129.938
152.194
76.0929
89.5017
96.3413
101.024
158.185
51.3218
149.84
80.3328
60.611
62.4234
93.142
66.2189
85.6592
39.5286
93.931
130.219
130.354
151.637
76.6667
174.018
151.329
30.3997
104.2
146.079
78.8835
141.17
73.7366
138.538
78.1229
24.749
68.8982
120.404
58.7067
136.113
115.685
132.858
115.361
94.3988
6.11648
114.178
111.074
23.8733
106.892
42.2967
39.7372
131.105
34.1022
99.2942
154.708
70.0634
105.549
49.6031
21.8602
41.7059
50.8143
145.622
93.9126
101.322
89.1516
60.1139
163.453
62.1556
96.6098
48.973
112.32
150.186
128.326
82.4885
71.5299
55.6211
152.853
92.2636
55.826
34.435
49.8218
61.6561
51.5832
71.0958
36.9428
109.949
130.367
178.058
67.5776
67.6971
98.9748
88.9372
116.105
101.143
120.674
23.3475
159.761
111.382
61.1795
34.7515
58.1133
72.3981
145.39
27.4971
146.404
148.289
81.5563
39.8864
34.475
121.823
69.3164
146.624
73.6785
154.636
136.506
160.953
168.584
123.459
120.519
53.3533
122.707
78.347
57.4046
29.3365
73.4175
65.0359
68.7288
112.678
99.7853
108.475
72.3992
82.1711
97.2961
103.389
124.054
86.1943
59.7535
16.0926
100
113.147
55.8532
125.533
126.198
36.6319
172.559
136.688
99.457
35.0357
86.322
71.3371
114.906
92.001
98.9397
98.4043
45.5207
57.8875
134.513
68.2464
142.4
84.5243
47.1926
87.1711
75.8191
135.849
142.174
59.2172
134.427
139.634
39.8203
40.726
23.7503
72.58
77.1754
128.677
79.1717
92.8377
119.231
96.3869
123.583
141.432
143.411
87.0436
131.311
89.6841
11.6727
53.3366
164.568
30.7272
117.827
106.038
89.2971
39.0971
51.677
59.0594
120.451
91.0602
141.061
154.926
167.314
26.1699
traj_length_all 216578
