-53.4 -4 0.2 3.60014 -35.6001 1.49012e-07 
3.40014 -7.99999 0.4 -36.1999 -6.79999 4.2 
-49.8 -26.4 0.2 -44.6 -8.19999 0.2 
-41.1999 14 0.2 -41.3999 -18.4 4.2 
-45 -39.8001 0.2 -39.5999 -0.799996 4.2 
16.0001 17.4 1.49012e-07 13.2001 -2.6 1.49012e-07 
-51.2 -0.199996 0.2 -35.5999 -37.2001 0.2 
-34.3999 -19.2 4.2 12.8001 -4.4 1.49012e-07 
12.0001 -15.2 1.49012e-07 7.40013 -31.6 1.49012e-07 
-28.7999 -2.8 4.2 -36.1999 -29.2 4.2 
-52 -30.8 0.2 10.4001 -2.4 1.49012e-07 
-5.79986 -28.2 4.2 2.40014 2.2 1.49012e-07 
-21.1999 2.2 0.2 13.6001 -5.2 1.49012e-07 
21.0001 -15.8 1.49012e-07 -4.59986 -12.6 0.2 
-45.6 -27.8 0.2 -31.5999 -5.2 4.2 
-54 2 0.2 -17.9999 3 4.2 
