127.451
204.892
99.2479
110.752
14.0585
27.1792
3.71736
30.7132
155.133
42.387
192.025
36.1174
86.6556
62.0248
73.9692
167.158
153.185
84.8355
182.269
50.2318
54.2064
157.852
93.9389
78.5917
72.9202
99.0393
159.182
160.854
77.8167
143.956
41.2315
131.902
84.241
4.83691
61.3715
23.9981
132.024
148.387
173.821
4.4646
90.8108
131.725
129.169
11.6848
28.5127
80.5412
19.6922
118.069
79.1874
211.828
114.797
85.1479
49.3606
95.5514
18.706
25.1342
109.959
180.816
46.6955
109.268
48.8333
200.941
28.9695
95.9449
50.868
13.679
32.2645
111.868
115.637
52.8803
15.7266
40.1001
5.98099
103.952
20.6752
42.0902
81.9871
107.238
165.466
81.4345
19.2973
7.1929
165.079
47.9904
52.3894
54.135
87.5787
76.099
100.93
79.7457
209.123
47.3309
167.589
