-42.2 -7.59999 4.2 -29.1999 -1.4 0.2 
-44.8 -1.2 4.2 10.8001 -32.2 1.49012e-07 
4.00014 10.8 1.49012e-07 -19.9999 -18.2 0.2 
-44.4 11.6 1.49012e-07 -20.1999 -27.8 4.2 
-40.3999 -6.19999 0.2 -26.9999 -5.4 0.2 
-41.1999 8 0.2 -30.7999 -6.79999 0.2 
6.40014 -26.4 1.49012e-07 9.00013 -23.8 1.49012e-07 
0.600137 -21.6 4.2 -27.5999 -25.6 4.2 
-27.7999 -18 0.2 18.0001 -36.4001 0.2 
-7.39986 -8.39999 4.2 -36.3999 -30.6 4.2 
-31.1999 -32.2 4.2 19.8001 -36.4001 0.2 
-0.599863 -22.2 4.2 -3.59986 1.8 4.2 
-28.7999 -14 0.2 -12.3999 -9.59999 4.2 
13.4001 10 0.2 -4.59986 -5 0.2 
-17.5999 16.4 0.2 -49.6 -32.4 0.2 
-38.5999 -27.4 4.2 9.60013 -26.6 1.49012e-07 
-23.1999 -27 0.2 -40.5999 -22.2 4.2 
-10.5999 2.6 4.2 -12.1999 -6.79999 0.2 
11.4001 -32 1.49012e-07 -24.3999 3.6 4.2 
-37.3999 13.6 0.2 -45.2 -20.6 0.2 
9.80013 -10.8 1.49012e-07 -20.3999 -38.6001 0.2 
4.40014 -33.2001 1.49012e-07 -0.799863 -26.8 4.2 
-10.9999 -4.6 0.2 -28.9999 -5.4 4.2 
-38.5999 -0.799996 4.2 -1.59986 2.4 0.2 
-12.7999 -25.2 4.2 -9.39986 -16.4 -2 
-32.7999 -29.4 0.2 20.8001 15.6 1.49012e-07 
8.00013 14.2 1.49012e-07 -36.3999 -7.59999 4.2 
-42.2 -17 4.2 -51 15.8 1.49012e-07 
-36.3999 1.4 4.2 11.8001 -7.79999 1 
-25.7999 -31.8 0.2 7.40013 -29.4 1.49012e-07 
-41.1999 -11.6 4.2 -5.99986 -8.59999 4.2 
17.4001 -19 1.49012e-07 -50.8 -36.0001 0.2 
20.0001 -5.6 1.49012e-07 -3.99986 -20.2 0.2 
-9.19986 -21.2 4.2 -4.99986 -19 4.2 
3.20014 14.4 1.49012e-07 -39.3999 17.8 0.2 
-12.5999 13.6 0.2 -25.1999 -3.4 0.2 
-28.1999 -31.2 4.2 19.6001 -7.19999 1.49012e-07 
19.6001 -4.6 1.49012e-07 -35.9999 -13.6 4.2 
-45.6 -14.6 4.2 20.6001 12.4 1.49012e-07 
-41.7999 -20 4.2 -39.1999 -17.2 4.2 
-51.2 -25.8 0.2 -45 -29.6 0.2 
-50.4 -33.2001 0.2 3.40014 -20 1.49012e-07 
11.0001 -23.8 1.49012e-07 -50.8 -27 0.2 
-19.7999 14.6 0.2 -11.1999 6.8 0.2 
-26.7999 -27.6 4.2 -41.1999 -7.19999 4.2 
-11.3999 -34.2001 4.2 -6.99986 8 0.2 
-42.2 -17.2 4.2 -31.5999 -0.999996 4.2 
20.8001 -16.6 1.49012e-07 -50.6 -25.2 0.2 
-22.9999 -3.6 4.2 -17.3999 0.400004 0.2 
-31.7999 1.4 4.2 -19.9999 -39.0001 0.2 
-22.9999 -25.6 0.2 20.6001 -5.99999 1.49012e-07 
-12.1999 -30.8 4.2 -4.79986 18 0.2 
-27.5999 -28.2 4.2 -27.7999 -0.399996 4.2 
-10.1999 -6.59999 0.2 -32.9999 -6.19999 4.2 
-22.5999 -3.2 4.2 -4.59986 -6.39999 4.2 
-26.7999 -27 0.2 -1.99986 -28.6 0.2 
6.60014 -31 1.49012e-07 -6.79986 -2 0.2 
5.20014 -14 1.49012e-07 -38.5999 -18.2 4.2 
-46.2 -0.799996 0.2 -26.7999 15.4 0.2 
20.4001 0.600004 1.49012e-07 -49.2 -23.6 0.2 
-4.59986 13.2 1.49012e-07 16.2001 -23.6 1.49012e-07 
-36.7999 -14.8 4.2 5.60014 -27.8 1.49012e-07 
1.60014 -15.6 1.49012e-07 -4.39986 -38.8001 0.2 
-2.79986 -28.2 4.2 -52 -8.79999 0.2 
20.4001 -31 1.49012e-07 7.40013 13.8 1.49012e-07 
-33.7999 -27.2 4.2 -20.9999 -30 4.2 
19.2001 -22.8 1.49012e-07 1.80014 -34.2001 1.49012e-07 
14.2001 -32.6 1.49012e-07 -41.5999 -14.6 0.2 
-50 -17.6 0.2 -22.9999 -13.6 0.2 
-30.9999 -26.2 0.2 -11.9999 -1.6 0.2 
-14.1999 -24.6 4.2 -5.79986 -11.4 4.2 
-4.99986 -28.2 4.2 -4.59986 1.4 0.2 
-38.3999 12.4 0.2 -39.3999 14 0.2 
-22.3999 -21.2 0.2 -26.3999 -5.2 4.2 
-11.3999 -7.39999 0.2 -2.59986 -21.2 0.2 
-17.3999 1.8 4.2 -20.7999 -34.4001 4.2 
-9.59986 -2 4.2 -14.9999 -2.2 0.2 
-5.19986 -4.8 4.2 -27.9999 11.4 0.2 
4.80014 -14.2 1.49012e-07 -36.7999 -0.399996 4.2 
-53.8 -37.4001 0.2 -36.9999 -5.79999 0.2 
-18.5999 12 0.2 -32.3999 17.6 0.2 
-34.1999 -8.39999 4.2 -38.1999 -9.59999 4.2 
2.20014 -36.2001 0.2 -25.7999 -2.4 4.2 
-28.5999 -34.2001 4.2 -6.59986 2.6 4.2 
-44.8 -38.0001 0.2 3.40014 -32 1.49012e-07 
10.6001 -12 1.4 -22.1999 -29.8 0.2 
-53.6 -32.8 0.2 -12.9999 8.2 0.2 
-24.9999 11.6 0.2 6.00014 -26 1.49012e-07 
17.4001 -33 1.49012e-07 -40.9999 8.6 0.2 
-10.1999 -31.4 0.2 -22.1999 -4 4.2 
-35.5999 0.400004 4.2 -31.5999 -39.8001 0.2 
-3.59986 0.400004 4.2 -30.5999 -32.4 4.2 
-23.3999 3.2 4.2 16.4001 -27.8 1.49012e-07 
