23092.2
33653.9
18395
20202.2
1331.81
3571.47
3825.46
4597.75
19635.6
6768.18
24049.5
9228.71
26439.5
12448.2
9960.17
30697.9
21725.1
18179
41330.5
9951.03
7386.97
38679.3
22017.2
16980.8
15166.3
16697.4
48380
20081.8
26871.7
22969.1
7679.31
14417.7
16369.9
460.143
9048.61
2216.01
27183.4
35678.3
45525.7
60.2258
20682.7
21694.3
20910.1
1215.25
4288.73
19207.1
3363.84
22623
23122.6
30846.6
22465.9
18117.2
8117.52
23403.6
2046.43
3709.63
23551.3
46798.3
8684.17
20692
13777.4
27535.1
2585.44
15674.3
13716.3
2310.26
8129.16
23971.6
17546.1
10652.3
3184.25
6118.57
325.369
18829.4
3176.81
6501.43
18389.4
42948.8
49159
15579.6
2066.91
1095.29
30623.6
10160.2
12164
8587.29
14323.9
15026.7
22948.8
17220.1
24652.3
7441.33
23535.3
