2902.74
2902.74
2902.74
2902.74
2902.74
2902.74
2902.74
2902.74
2902.74
2902.74
2902.74
2902.74
2902.74
2902.74
2902.74
2902.74
2902.74
2902.74
2902.74
2902.74
2902.74
2902.74
2902.74
2902.74
2902.74
2902.74
2902.74
2902.74
2902.74
2902.74
2902.74
2902.74
2902.74
2902.74
2902.74
2902.74
2902.74
2902.74
2902.74
2902.74
2902.74
2902.74
2902.74
2902.74
2902.74
2902.74
2902.74
2902.74
2902.74
2902.74
2902.74
2902.74
2902.74
2902.74
2902.74
2902.74
2902.74
2902.74
2902.74
2902.74
2902.74
2902.74
2902.74
2902.74
2902.74
2902.74
2902.74
2902.74
2902.74
2902.74
2902.74
2902.74
2902.74
2902.74
2902.74
2902.74
2902.74
2902.74
2902.74
2902.74
2902.74
2902.74
2902.74
2902.74
2902.74
2902.74
2902.74
2902.74
2902.74
2902.74
2902.74
2902.74
2902.74
