0.192778
0.269501
0.191005
0.115921
0.562308
0.153788
0.211795
0.219323
0.149736
0.242971
0.707911
0.528449
0.189787
6.87473
0.130466
0.121536
0.199625
4.24985
0.239147
0.15961
0.156973
0.536951
0.132334
0.832941
0.188738
0.124677
-nan
0.159331
0.231632
0.52116
0.0703891
0.852954
0.991426
0.188706
0.281985
0.4432
0.200766
-nan
0.19998
0.864753
0.567242
1.9512
0.126507
0.0791709
0.184515
0.234154
0.999314
0.544205
0.366156
0.237075
0.117578
0.334648
0.437716
0.713351
0.133507
0.111579
0.96164
0.13194
0.173689
0.224206
0.084224
0.374142
0.368845
0.416739
0.209825
0.937793
0.221394
0.140549
0.217475
0.153293
0.0629045
0.216385
1.26788
1.25596
0.211014
2.05853
1.1345
0.538293
0.17573
0.260335
0.239399
0.850204
0.218556
0.131733
0.358106
1.0095
0.173214
0.256638
0.163144
0.190066
0.28791
0.227509
0.293643
