-26.5999 4.4 0.2 -39.5999 -7.59999 4.2 
12.8001 9.4 0.2 19.0001 0.200004 1.49012e-07 
13.6001 -7.59999 1.49012e-07 -50.8 -7.99999 0.2 
-7.99986 -18.8 4.2 -50.6 -0.999996 0.2 
-30.9999 11.2 0.2 -21.1999 -30 4.2 
9.60013 -10.4 1.49012e-07 -38.3999 -31.4 0.2 
-39.3999 -20.2 4.2 -53.4 11.4 1.49012e-07 
-29.5999 1.2 0.2 -26.3999 -25.6 0.2 
-36.7999 -11 4.2 13.4001 -22.2 1.49012e-07 
-27.7999 -31.8 0.2 -20.5999 -24.2 0.2 
7.80013 11 1.49012e-07 -49.2 7 0.2 
-43 -21.2 0.2 -38.5999 -29 4.2 
9.80013 5.2 0.2 -26.9999 17 0.2 
