9.27191
3.31752
2.59923
1.0131
1.02756
2.75455
1.69229
2.13729
0.649305
1.18546
2.039
1.94556
0.443374
2.25737
6.61557
1.60314
2.0733
11.8499
1.18142
0.363749
6.0044
2.69169
5.45692
2.56197
1.4063
0.689545
2.50071
1.67289
1.31984
5.9816
3.54922
1.5072
1.74407
2.26222
1.49431
0.509657
2.93935
2.35881
2.24072
2.62402
9.51511
0.554268
3.54727
0.938979
0.41723
3.57662
55.0762
2.60535
inf
2.38799
14.8629
1.11022
1.79602
6.75006
2.19504
1.66072
2.39645
1.90101
0.895292
1.17255
0.71147
4.58673
8.93341
2.36258
1.69877
0.704581
1.80049
2.33411
4.09888
0.840038
1.44504
3.10192
4.93168
0.67402
2.6491
0.935576
11.2917
1.02926
3.34205
1.61812
1.44821
0.535342
1.56839
2.21648
1.39704
0.352669
4.03064
2.30742
0.68536
2.45269
3.92585
22.1058
1.2153
1.00893
0.451452
21.988
0.423197
0.963196
1.10621
1.68454
5.80068
13.3512
2.0885
0.625315
11.6276
1.23811
4.56324
1.71708
2.78305
6.9131
1.59934
3.25597
3.51019
2.31151
4.086
1.49266
12.7126
2.96911
5.36729
2.1125
4.21722
1.48558
3.43416
7.69208
0.943638
1.44628
1.7461
2.69481
1.14683
1.29418
1.36169
75.8457
0.397365
1.85245
4.2
3.91943
4.58676
4.25319
4.01561
2.8847
3.04834
9.4652
3.36226
1.20038
1.30027
14.7266
1.46108
3.29034
0.537183
1.78403
2.54395
0.366729
1.1853
0.996306
2.74746
0.689922
1.27751
2.36962
2.62251
3.52319
0.839261
7.90944
1.2722
5.53495
10.8507
1.46766
1.21052
-nan
1.52321
3.1624
3.58399
1.4829
1.76262
1.77691
0.972477
0.816566
0.819622
22.1357
1.60316
12.1053
2.67023
1.87973
0.956905
3.20972
3.01536
4.5104
1.69269
3.03804
1.73518
16.897
3.092
24.5763
8.89505
1.16472
6.62793
3.71122
3.42733
2.75462
1.50423
2.63174
1.55693
3.09964
11.263
1.80019
0.515468
1.0836
2.68428
