117019
43688.5
6999.36
5414.42
12807.7
221999
1699.74
131906
4247.18
42235.2
7087.77
164561
14949.2
152197
31012.2
77252.8
95484.8
75020.5
92785.8
13943.6
27245.2
24303.8
26763.5
106687
23332.7
11849.2
1368.68
5142.38
32328.3
38242.8
25639.1
146144
147091
18992
13656.7
14111.6
8326.54
63272.4
92731.9
54939.9
62527.7
15071.7
148561
8622.41
2984.74
28840.6
47538.5
38878.1
45584.4
4924.29
40000.1
11865.7
3420.82
8902.55
48047.1
176979
53837.1
30248.1
31165.5
30419.8
11264.8
22690.2
171512
41094.1
19786.3
6950.99
255497
47622
215336
106798
183809
25543
5494.86
10072.7
16424.2
4566.55
3098.74
4903.16
27463.1
147333
13097.2
1887.8
15690.4
106498
32704.6
21839.4
41907.3
54472.1
3030.14
210797
44379.2
162690
30362.9
10817.2
16167.6
41869.3
3921.28
21483.1
16982.1
16522.6
42988.7
22645.6
106933
4187.88
54204.2
140940
3491.34
50444.2
37886.1
33292.6
26520.7
59307.9
33317.4
14858.8
58538.2
18966.9
16848.6
166854
44991.2
16652.6
11028.9
120112
41634.8
177958
2362.08
20431.8
33299.2
181242
71899.2
32710.8
2364.57
36809.2
788.642
45337.9
23999.6
160362
69938.4
52989.2
43486.8
6354.24
151599
24250.8
31851.9
5817.14
173638
257187
13284.8
43270.3
789.212
18583.1
40454.5
7389
20054.8
17676.6
143251
228.409
8083.71
22662.1
31526.6
293592
3254.46
43732.8
45324.3
235626
165603
18166.1
196087
125500
166848
62414.2
7159.29
5259.55
4911.96
414711
30559.8
44214.1
11304.2
42577.4
8914.78
21737.6
34210.9
37051.3
3735.43
311073
211892
3737.16
17925.3
172758
36984.7
71302.2
20558.4
177134
2069.96
52953.9
43044.4
198975
5113.38
45881.9
214860
18250.8
12832.6
220852
41982
174890
5572.72
24657.4
71619.7
