162.394
156.075
36.4116
37.81
66.8363
155.974
8.7713
151.353
26.7391
120.464
42.8932
174.613
50.0633
193.903
77.5768
173.92
90.3311
101.602
196.87
82.0404
95.8742
104.242
99.9736
170.352
79.9043
57.3067
5.19123
28.2336
113.942
128.9
102.61
201.296
157.479
73.7322
63.5769
74.3164
51.8337
109.798
193.705
133.204
174.437
65.8816
174.376
47.0985
22.5824
112.147
143.682
115.842
107.14
28.4326
118.965
59.2123
23.7645
33.6502
158.128
210.462
154.193
111.646
72.6043
72.3615
60.0139
89.9056
243.784
118.004
90.5881
40.4213
138.713
142.041
182.917
182.813
193.507
87.3074
29.5173
57.1479
75.6177
36.8692
21.4981
37.4018
103.761
190.116
64.352
13.3471
68.0996
210.693
123.191
93.5983
122.647
129.029
22.8326
190.084
115.329
120.883
83.2531
138.369
63.2582
79.216
11.6392
83.5069
63.8406
62.4243
135.36
76.5601
12.0988
24.9544
120.291
206.199
24.3525
152.034
91.7978
110.229
105.56
156.7
100.989
64.5047
150.158
43.4974
62.2681
124.92
126.59
86.2003
50.0426
139.357
99.9072
228.932
9.56535
86.308
113.546
195.369
170.712
104.405
18.5181
117.538
7.77837
119.992
95.5609
95.9946
153.479
94.4134
113.907
37.8144
174.359
91.7091
88.1989
34.8448
168.554
214.958
54.2748
111.909
7.50933
75.1411
108.28
38.4905
86.4486
79.1462
169.11
2.31656
48.3874
125.231
111.778
199.041
22.0477
125.529
110.886
216.202
118.817
70.7932
129.523
147.57
188.427
157.469
49.6252
29.1973
28.9221
149.77
100.857
95.1527
60.6109
115.002
39.241
87.7938
120.818
121.458
25.4149
175.456
231.441
10.9772
77.4158
130.701
113.793
149.796
84.2209
211.089
8.21801
169.467
140.386
194.577
27.4011
117.687
205.443
68.2624
58.5982
121.928
83.0273
138.55
26.3274
100.439
118.401
