0.620964
0.14557
0.0858726
0.226063
0.105507
0.0730279
0.0797638
0.245258
0.0818243
0.156633
0.471418
2.44619
0.119457
0.119728
0.11249
0.175975
0.167811
0.0941556
0.133561
0.371461
0.102688
0.0936313
0.107015
0.237228
0.166003
0.154592
0.818273
0.231562
0.0822385
0.0979287
0.110136
0.124333
0.0716807
0.0359633
0.441652
0.0894058
0.0979759
0.0931424
0.287692
0.0790175
0.255378
0.091293
0.186497
0.496742
0.184159
0.132326
0.120949
0.155781
0.553801
0.115646
0.18001
0.0942929
0.84708
0.0562136
0.120775
0.281186
0.113707
0.0676557
0.359111
0.0581137
0.126996
0.258401
0.0912696
0.180417
0.105657
0.185498
0.0989922
0.261009
0.528071
1.39749
0.432273
0.252956
0.0805325
0.11165
0.17987
0.131641
0.185046
0.156976
0.0928914
0.0809667
0.284519
0.633848
0.0842983
0.157416
0.181711
0.0869032
0.0972159
0.0719533
0.147522
0.216656
0.067526
0.124159
0.0985787
0.618524
0.104856
0.0678356
0.586703
0.225597
0.146339
0.394081
0.102164
0.149615
0.0733931
0.451104
0.744571
0.107232
0.108397
0.130128
0.107611
0.0785614
0.173395
0.320644
0.395799
0.146441
0.0678762
0.206347
0.417811
0.150327
2.35735
0.231473
0.297998
0.162083
0.177838
0.106052
0.338059
0.114339
0.0939581
0.070993
0.093311
0.0966442
0.13176
0.121799
0.131276
0.140315
0.597294
0.101432
0.485822
0.286537
0.134118
0.210208
0.145309
0.0918858
0.222815
0.230513
0.637188
0.191018
0.116439
0.0845331
0.145199
0.0884178
0.659783
0.115536
0.105258
0.641837
0.0755487
0.0946811
0.220908
0.147024
0.06675
0.120188
0.484685
0.130494
0.135549
0.106346
0.174702
0.217416
0.109394
0.327129
0.15504
0.0996574
0.373007
0.188009
0.101786
0.591313
0.0956858
0.378451
0.153685
0.10195
0.175201
0.091594
0.117428
0.0362157
0.458754
0.24532
0.657187
0.484519
0.448783
0.110135
0.0841877
0.0741591
0.534876
0.0720738
0.114936
0.120271
0.138091
0.20378
0.241837
0.27582
0.692325
0.116386
0.0697405
0.0794062
0.117353
0.11168
0.0965585
0.0958881
0.0700837
0.0787957
0.0965687
0.0772693
0.0883208
0.765568
0.123154
0.162117
0.14314
0.130554
0.14349
0.126338
0.303049
0.0899052
0.555819
0.109331
0.109357
3.98345
0.259624
0.13322
0.104438
0.250677
0.0836238
0.949664
0.26485
0.32911
0.698607
0.11387
0.188279
0.748967
0.108086
0.158128
0.100957
0.494564
0.270222
0.104779
0.290862
0.105224
0.258502
0.151175
0.642089
0.171354
0.0919607
0.093401
0.113018
0.0771381
0.104715
0.396303
0.239224
0.589809
0.0487314
0.173605
0.139118
0.109238
0.0991738
0.0890284
0.114505
0.21764
0.277622
0.123968
0.10381
0.555942
0.271223
0.139404
0.0664599
0.202345
0.153732
0.090671
0.0910949
0.480125
0.0881454
0.0799716
0.112356
0.0848982
0.102966
0.0852548
0.286767
0.100242
0.104878
0.0853731
0.103996
0.423499
0.498589
0.0510054
0.951693
0.0819972
0.53923
0.482658
0.128501
0.334691
0.146038
0.0823412
0.0880294
0.214235
0.167728
0.0974109
0.629749
0.587872
0.20572
0.436162
0.103637
0.151021
0.259704
0.129279
0.104948
0.0855696
0.227313
0.0894536
0.156394
0.124723
0.109791
2.01183
0.0952415
0.0719441
0.667056
0.10023
0.0806068
0.0967732
0.109008
0.325637
0.136016
0.144854
0.105875
0.446796
0.133333
0.0899912
0.49866
0.145006
0.166121
0.0960648
0.112366
0.106313
0.108887
0.267771
0.0768481
0.0893833
0.0513963
0.192685
0.0963504
0.121649
0.723228
0.0494983
0.202093
0.0948365
0.315322
0.284226
0.101035
0.0858782
0.134145
0.0977829
0.174276
0.337262
0.0950016
0.076725
0.934084
0.116524
0.131085
0.195511
1.33806
0.105979
0.116522
0.362866
0.442416
0.0737573
0.103788
0.104848
0.107391
0.0996797
0.112963
0.138377
0.173599
1.09438
0.623037
0.0706115
1.22295
0.121653
0.118695
0.0638469
0.137006
0.221313
0.31511
0.375381
0.108911
0.457606
0.121834
0.0933742
0.128199
0.229902
0.117483
0.173911
0.0878833
0.106209
0.109243
0.568436
0.116907
0.275597
0.42996
0.0863687
0.320142
0.0690258
0.281991
0.41032
0.103451
0.828173
0.0908106
0.309073
0.103723
0.115322
0.137828
0.202133
0.155121
0.269696
0.0910303
0.331044
0.572108
0.0919739
0.0756508
0.191938
0.0808053
0.148992
0.18484
0.0878651
0.266638
0.0696489
0.0856358
0.117263
0.0881948
0.0898471
0.175445
0.106008
0.104016
0.151812
0.123533
0.229202
0.49702
0.109278
0.281462
0.102216
0.0676936
0.345648
0.100542
0.619596
0.112955
0.0962916
0.0765634
0.523898
0.154467
0.135973
0.0987902
0.510564
0.0859463
0.0809651
0.0699416
0.0806689
0.0804803
0.0935793
0.077985
0.522928
0.0984686
0.412811
0.160849
0.120949
0.0862289
0.632205
0.0817791
0.522821
0.16179
0.121886
0.111564
0.113257
0.138475
0.0814275
0.279565
0.672135
0.0646922
0.0737603
0.576077
0.108305
0.107724
0.996
0.520333
0.1428
0.104419
0.0887117
0.0935468
0.0897698
0.0626824
0.142216
0.501399
0.147839
0.201814
0.10565
0.120185
0.0999498
0.243075
0.12137
0.234386
0.127523
0.162804
0.0838272
0.177246
0.0987128
0.344706
0.109417
0.494679
0.117769
0.0903987
0.0804184
0.131207
0.408148
0.104117
0.102686
0.112724
0.0815069
0.110845
0.137312
0.115184
0.392337
0.363844
0.114363
0.191425
0.067835
0.182757
0.141315
0.0931404
0.234331
0.101004
0.0818347
0.688508
0.420621
0.128885
0.13727
0.203541
0.0978491
0.385995
0.11824
0.398605
0.0948018
0.0963523
0.802621
0.0950191
0.104355
0.133768
0.403313
0.188455
0.0911618
0.0661053
0.0843569
0.514845
0.092273
0.109292
0.100223
0.0666388
0.329537
0.114808
0.127642
0.0856642
0.0938219
0.367373
0.212484
0.372357
0.500248
0.227183
0.373198
0.468025
0.0934903
0.0943263
0.118274
0.116801
0.138797
0.0910494
0.424033
0.0857343
0.083469
0.0899947
0.54062
0.552137
0.224882
0.0962361
0.370331
0.0986634
0.105064
0.110207
0.202562
0.197035
0.0657035
0.0319197
0.107209
0.138849
0.058843
0.0797833
0.331641
0.62082
0.0869326
1.85799
0.115529
0.352757
0.123731
0.150827
0.0918209
0.364762
0.253801
0.0874052
0.185155
0.141891
0.463651
0.209833
0.351353
0.545982
0.110282
0.103894
0.112735
0.0942563
0.602978
0.119458
0.298153
0.0672172
0.103905
0.0582606
0.0713867
0.0987145
0.0975167
0.266386
0.0791282
0.15632
0.115264
0.223605
0.118018
0.0865883
0.0910556
0.0620566
0.856289
0.0833091
0.226608
0.156421
0.0714668
0.603684
0.101986
0.130081
0.0964833
0.0988806
0.392692
0.642287
0.092424
0.226203
0.534724
0.0864674
0.102906
0.444923
0.146544
0.197868
0.497428
0.447332
0.0909357
0.090347
0.0826862
0.217705
0.107958
0.0992225
0.312224
0.256749
0.104051
0.0945816
0.0857195
0.126411
0.702408
0.406999
0.0763832
0.323432
0.126702
0.345918
0.089763
0.410275
0.126979
0.0901605
0.105431
0.108017
0.0867245
0.097207
1.0958
0.166403
0.0392454
0.102641
0.139647
0.256187
0.475866
0.457183
0.116654
0.104603
0.1001
0.200492
0.12702
0.780734
0.0849227
0.0845474
0.252682
0.115872
0.311831
0.0890669
0.112825
0.289918
0.105521
0.0826776
0.274895
0.113321
0.345926
0.279001
0.631935
0.180241
0.153048
0.126274
0.090462
0.321505
0.0736035
0.0990687
1.58651
0.170587
0.122946
0.257913
0.845915
0.0943363
0.106859
0.107484
0.442034
0.312889
0.638243
0.237265
0.23194
0.397965
0.118354
0.13136
0.0761126
0.12013
0.568576
0.0945477
0.152778
0.0967476
0.399966
0.0656201
0.0949925
0.117323
0.136994
0.142952
0.0808942
0.576567
0.0926849
0.269758
0.130716
0.580356
0.0758814
0.0829574
0.340187
0.115456
0.111753
0.163451
0.184727
0.085096
0.721258
0.239967
0.332868
0.310277
0.129331
0.253435
0.0884402
0.667938
0.347193
0.24498
0.114519
0.112577
0.557782
0.498149
3.81529
0.0894902
0.125744
0.618746
0.125003
0.0915884
0.0799324
0.0598188
0.201352
0.129559
0.0406703
0.147734
0.470407
0.236934
0.437488
1.21235
0.088229
0.193948
0.101877
0.323803
0.103089
0.306889
0.0866327
0.273997
0.116208
0.138382
0.483244
0.10722
0.110108
0.747939
0.10019
0.149155
0.16864
0.341589
0.107095
0.161418
0.0860019
0.0905801
0.261548
0.175867
0.312412
0.157062
0.10535
0.0668415
0.490351
0.273345
0.599073
0.0869036
0.087171
0.296278
0.120386
0.0816379
0.0827234
0.0863011
0.175708
0.134532
0.28407
0.0809912
0.0948268
0.0256759
0.0700257
0.0974607
0.114208
0.416683
0.100954
0.409575
0.102746
0.0896825
0.145052
0.0956123
0.250527
0.144908
0.0938827
1.05622
0.0878904
0.100563
0.123065
0.0805472
0.144609
0.102678
0.124879
0.178964
0.0802793
0.195603
0.3538
0.114553
0.055147
0.0899629
0.10971
0.0887665
0.55744
0.534637
0.106153
0.0900125
0.142406
0.0770775
0.389615
0.558138
0.341125
0.827649
0.138894
0.155811
0.134244
0.171694
0.101805
0.0875167
0.387037
0.352348
0.0940174
0.0835654
0.171842
0.120527
0.37143
0.318992
0.371599
0.0913496
0.372788
0.109459
0.278027
0.160274
0.0581137
0.100967
0.0925779
0.0549126
0.170699
0.0904728
0.181453
0.0813588
0.236853
0.102563
0.97143
0.129967
0.110942
0.0969548
0.0913625
0.122181
0.137227
0.0733302
0.428666
0.231981
0.809295
0.386879
0.043012
0.0719809
0.118697
0.150763
0.0512997
0.0905074
0.122021
0.109842
0.101869
0.237049
0.21482
0.0786779
0.140007
0.150545
0.0890801
0.151054
0.772861
0.176563
0.121774
0.564623
0.484062
0.152768
0.0705619
0.097493
0.127326
0.211361
0.79835
0.107324
0.302105
0.0765808
0.102804
2.89345
0.0572879
0.125748
0.133718
0.257338
0.104209
0.46526
0.0624403
0.0769375
0.103287
0.0975048
0.544951
0.0846211
0.0676279
0.139859
0.677533
0.0952834
0.229666
0.0885193
0.236924
0.391927
0.080304
0.36799
0.877076
0.192003
0.182652
0.323393
0.125315
0.184975
0.103278
0.165972
0.1146
0.113011
0.0925269
0.133843
0.359668
0.231458
0.0780203
0.390429
0.107952
0.0698518
0.0962709
0.0785375
0.431023
0.105805
0.457241
0.311979
0.128043
0.123465
0.0996425
2.88149
0.104807
0.126962
0.396846
0.0742734
0.101681
0.126641
0.113613
0.0791033
0.10537
0.325658
0.138373
0.0809908
0.0932633
0.086714
0.444909
0.0847778
0.755774
0.255656
0.0995383
0.800847
0.0573097
0.658174
0.343746
0.076092
0.119315
0.23953
0.667532
0.0873349
0.136214
0.3625
0.0939459
0.09966
0.159191
0.0802993
0.308337
0.0953632
0.0952743
0.110589
0.108506
0.103262
0.100809
0.0863172
0.191297
0.0619193
0.503777
0.127915
0.666082
0.536546
0.110204
0.441359
0.102382
0.0966045
0.110992
0.0870203
0.145506
0.381246
0.665769
0.0907862
0.089668
0.548088
0.127241
0.19913
0.770001
0.169728
0.11958
1.1444
0.0982385
0.0801819
0.233782
0.0988594
0.10935
0.0917664
0.095881
0.0711094
0.149815
0.402816
0.118914
0.122016
0.210834
0.125179
0.0639174
0.0765325
0.0836585
0.177607
0.253074
0.646554
0.133424
0.0967349
0.0227516
1.22945
0.310578
0.41215
0.196974
0.126231
0.111013
0.0815531
0.103857
0.126459
0.331857
0.378525
0.0962175
0.454117
0.112669
0.0556313
0.0691436
0.0975232
0.140698
0.302663
0.0575324
0.366134
0.0812235
0.375424
0.208796
0.163873
0.0472736
0.157857
0.0915932
0.111546
0.251891
0.164632
0.182076
0.78669
0.0648649
0.135053
0.315519
0.106954
0.492249
0.193736
0.351466
0.111419
0.174566
0.0802513
0.0903903
0.136582
0.100136
0.144843
0.385035
0.106141
0.179971
0.0829662
0.0631053
0.130905
0.222077
0.43242
0.304133
0.0915853
0.448352
0.447924
0.0903287
0.134489
0.0852579
0.106835
0.363081
0.0975678
0.105662
0.464454
0.103638
0.175447
0.207995
0.16397
0.222153
0.0982745
0.190904
0.0949092
0.0854167
0.400756
0.460057
0.0872589
1.03185
0.103674
0.146218
0.119732
0.512257
0.159538
0.0748183
0.352064
0.429329
0.100738
1.85468
0.31526
0.110009
0.098744
0.105476
0.0884755
0.0757688
0.297197
0.332934
0.137884
0.36465
0.107003
0.206569
0.116071
0.244468
0.108235
0.100295
0.420733
0.108564
0.132141
0.417453
0.684925
0.107581
0.107042
0.0888214
0.0515139
0.210268
0.0644886
0.0805728
0.149425
0.0726462
0.284743
0.134316
0.402655
0.0949954
0.126627
0.101072
0.100966
0.0952785
0.324705
0.0771913
0.103747
0.118499
0.0935032
0.0942084
0.126275
0.28973
0.0800798
0.608835
0.264924
0.126105
0.147742
0.134061
0.0929269
0.576152
0.133827
0.0843798
0.0765839
0.0826523
0.194283
0.10379
0.139222
0.0581968
0.640609
0.135054
0.048669
0.16269
0.599021
0.151887
0.109278
0.222591
0.120954
0.0984409
0.0738442
0.121277
0.0716689
0.0794711
0.0865107
0.527409
0.26883
0.100629
0.415196
0.0751873
0.394406
0.132981
0.0760827
0.178982
0.508292
0.257671
0.214156
0.113773
0.09789
0.0818185
0.215746
0.340489
0.154854
0.407834
0.190216
0.185077
0.103887
0.106274
0.132986
0.180019
0.144348
0.605103
0.130199
0.112381
0.0974892
0.225671
0.73845
0.219302
0.0707278
0.376005
0.113944
0.0566562
0.0952072
0.0984657
0.0882298
0.0952214
0.335544
0.133602
0.185772
0.0928397
0.0964396
0.574577
0.0684953
0.236506
0.0932262
0.0908586
0.160986
0.508264
0.562016
0.326983
0.13283
0.105894
0.114891
0.128649
0.0979116
0.113432
0.0735239
0.114852
0.10848
0.109179
0.279943
0.265729
0.164417
0.0806904
0.672582
0.0944404
0.0872408
0.102809
0.319984
0.106889
0.0884567
0.122831
0.102142
0.450626
0.422087
0.104584
0.110502
0.101671
0.421036
0.104075
0.410491
0.0912775
0.162119
0.183749
0.357375
0.123769
0.188348
0.118788
0.309538
0.230491
0.529591
0.083328
0.214648
0.124832
0.113835
0.214684
0.683518
0.196999
0.442176
0.196162
0.278501
0.305107
0.160782
0.202393
0.292501
0.101485
0.418607
0.199643
0.0794591
0.0978118
0.0785157
0.0741154
0.0501681
0.087283
0.703581
0.389186
0.169348
0.826964
0.300146
0.0867129
0.075516
0.0815988
0.0854706
0.0993503
0.196811
0.530428
0.121745
0.280243
0.095805
0.229529
0.211087
0.0370879
2.37649
0.2405
0.0977888
0.668501
0.232693
0.105787
0.413627
0.318455
0.172211
0.734483
1.04605
0.569978
0.112092
0.0889765
0.180653
0.232801
0.250568
0.173095
0.609672
0.288001
0.124954
0.101016
0.0999086
0.481465
0.127694
0.293826
0.0813224
0.083832
0.0828676
0.162358
0.237156
0.331107
0.0778871
0.605458
0.337089
0.142718
0.291477
0.472089
0.0750694
0.08333
0.144
0.235389
0.106397
0.112066
0.134837
0.208229
0.332138
0.192096
0.125472
0.125604
0.201547
0.172151
0.0837886
0.0971769
0.22776
0.114752
0.567959
0.181927
0.0982171
0.0907126
0.0987494
0.281394
0.0980648
0.627541
1.16052
0.428806
0.256222
0.403159
0.0964974
0.0970596
0.480939
0.100492
0.0711045
0.226534
0.178976
0.0975695
0.615652
0.0663692
0.0894739
0.105173
0.383814
0.100343
0.0706832
0.754187
0.850495
0.0833
0.149069
0.09851
0.0740613
0.53237
0.084775
0.0855197
0.0882203
0.0752712
0.0931607
0.0758531
0.431802
0.0999443
0.114054
0.0918359
0.0954689
0.104102
0.084437
0.26277
0.125794
0.110576
0.126834
0.171419
0.0815708
0.629001
0.100021
0.0883875
0.142719
0.0978337
0.0725812
0.0813323
0.192028
0.0579196
0.107901
0.0839359
0.0957622
0.75396
0.215166
0.120431
0.268011
0.115427
0.0979244
0.338275
0.0644177
0.0920688
0.266998
0.0811481
0.0976008
0.123912
0.106385
0.112774
0.0856989
0.101859
0.0950296
0.615636
0.627195
0.112256
0.154866
0.123407
0.724761
0.107976
0.0885378
0.50309
0.0791652
0.0856982
0.104657
0.30709
0.0839078
0.134539
0.149773
0.219188
0.482845
0.10184
0.683288
0.176944
0.184284
0.21188
2.42837
0.140459
0.0876749
0.0874115
0.0672534
0.434796
0.0787139
0.699666
0.0889271
0.119804
0.615149
0.0994486
0.425297
0.100656
0.0732337
0.12533
0.275027
0.162958
0.136788
0.18434
0.418713
0.141565
0.148352
0.0533112
0.11769
0.224289
0.229852
0.296651
0.10292
0.073191
0.13569
0.387002
0.0644175
0.429811
0.416258
0.122648
0.149331
0.203647
0.109956
0.366524
0.156138
0.0848803
0.0971524
0.0984261
0.109359
0.104616
0.112384
0.0992762
0.0917575
0.214102
0.0776473
0.101505
0.090718
0.560736
0.0754545
0.508537
0.51039
0.123768
0.911724
0.12518
0.111587
0.0828797
0.086299
0.148679
0.115855
0.0846137
0.10923
0.213272
0.0912949
66.7285
0.129648
0.0942127
0.261348
0.0985481
0.106378
0.090122
0.0803936
0.0949971
0.544634
0.158273
0.184702
0.139531
0.129951
0.103087
0.137644
0.053569
0.131037
0.125777
0.199153
0.403582
0.151377
1.05401
0.0859558
0.550215
0.110862
0.548831
0.0918709
0.097671
0.399626
0.0837093
0.121999
0.107378
0.0997539
0.412226
0.138346
0.0917782
0.115887
0.0834175
0.323272
0.136424
2.93626
0.387207
0.0641886
0.0777836
0.119545
0.162062
0.224467
0.0850981
0.104236
0.0957944
0.123316
0.401949
0.119059
0.195365
0.315178
0.074673
0.212957
0.0858442
0.161136
0.0966097
0.191279
0.722906
0.0904381
0.311732
0.123196
0.0430335
0.121992
0.107798
0.488308
0.41708
0.556818
0.0801274
0.125505
0.186367
0.09389
0.0711206
0.0988111
0.680809
0.141548
0.388127
0.0995404
0.094471
0.271419
0.126886
0.118399
0.303366
0.265558
0.121055
0.0904164
1.28469
0.280553
0.103404
0.180645
0.104684
0.361412
0.331884
0.28417
0.444877
0.53932
0.106944
0.400173
0.115991
0.081923
0.0953185
0.366039
0.130149
0.573843
0.114521
0.104251
0.0835534
0.124371
0.0933458
0.0488778
0.182171
0.079022
0.0930807
0.407405
0.0573433
0.385479
0.0818562
0.353134
0.235345
0.0386456
0.202974
0.119443
0.291887
0.0929717
0.383524
0.0662071
0.191062
0.348231
0.892995
0.0567113
0.269487
0.100137
1.14785
0.273753
0.596897
0.717371
0.102536
0.208885
0.0888555
0.208945
0.284889
0.391629
0.10898
0.138617
0.288091
0.104907
0.109232
0.669546
0.137286
0.109801
0.442961
0.0815514
0.0779086
0.152577
0.0553604
0.351492
0.102952
0.369509
0.52649
0.0904545
0.0857112
0.432651
0.49864
0.0873736
0.079888
0.105903
0.107239
0.085425
0.0770062
0.100687
0.111628
0.109986
0.298788
0.384864
0.132873
0.155707
0.104281
0.0929727
0.0905965
0.0775598
0.0635322
0.177179
0.099692
0.47385
0.137808
0.420771
0.160524
0.0805461
0.13515
0.162594
0.22083
0.132759
0.0806785
0.449628
0.139154
0.22429
0.0853361
0.214578
0.138489
0.393408
0.0902744
0.0832167
0.0782329
0.0849369
0.0778744
0.279793
0.399922
0.295441
0.773895
0.127484
0.210347
0.102434
0.0940162
0.106917
0.213064
0.0898181
0.0747237
0.439578
0.0963281
0.201413
0.103786
0.100976
0.0778288
1.24636
0.154596
0.112746
0.176092
0.207611
0.157617
0.267437
0.0881713
0.100479
0.464467
0.133724
0.470834
0.102018
0.0861923
0.086601
0.35678
0.100025
0.16088
0.125792
0.108219
0.183358
0.0796055
0.0964174
0.343705
0.129247
0.107243
0.109693
0.381486
0.0899481
0.0993703
0.719274
0.177729
0.481771
0.0946497
0.525085
0.119173
0.0766256
0.135567
0.130049
0.257062
0.102599
0.343336
0.0626765
0.0997655
0.0861085
0.626536
0.0820506
0.219983
0.129806
0.0881277
0.0557466
0.0528827
0.372006
0.188873
0.516287
0.114356
0.989935
0.103615
0.384399
0.10534
0.221792
0.487435
0.184665
0.426904
0.109367
0.0879658
0.148958
0.636628
0.441366
0.385757
0.0956159
0.112982
0.34037
0.181213
0.186744
0.103748
0.111849
0.0856664
0.0868614
0.393766
0.117781
0.893496
0.0734272
0.120378
0.0933217
0.372048
0.0835684
0.140939
0.24009
0.275467
0.150966
0.106502
0.539946
0.120558
0.0993749
0.100035
0.0716528
0.118349
0.0869354
0.0917137
0.509101
0.0933727
0.143917
0.125617
1.28222
0.183602
0.130062
0.267896
0.062411
0.0774219
0.104694
0.0969868
0.121504
0.117009
0.334665
0.211098
4.0683
0.120822
0.474072
0.0646478
0.557329
0.0879496
0.176284
0.10845
0.165137
0.184622
0.0652652
0.226076
0.0722044
0.471012
0.145834
0.196284
0.141306
0.21776
0.0920104
0.119221
0.0838413
0.31902
0.373157
0.899788
0.0512944
0.0696663
0.311213
0.144652
0.888318
0.153493
0.116359
0.199351
0.121523
0.200497
0.149498
0.143581
0.0910664
0.121791
0.134981
0.179218
0.111922
0.125613
0.0390225
0.154282
0.589556
0.258371
0.135824
0.0905477
0.128508
0.110954
0.112972
0.320806
0.120382
0.63386
0.169224
0.114342
0.175921
0.145339
0.133693
0.109378
0.250127
0.453524
0.121935
0.202193
0.616371
0.092318
0.128995
0.0890467
0.0742593
0.243189
0.0705817
0.0931162
0.113859
0.0858589
0.0682355
0.0899135
0.0944969
3.57914
0.568206
0.474712
0.131498
0.159638
0.137319
0.215242
0.0875828
0.0890523
0.0913383
0.139765
0.121469
0.482992
1.15699
0.0956476
0.0631774
0.556995
0.0877518
0.185203
0.683392
0.107005
0.291488
0.108121
0.132332
0.245903
0.114372
0.406649
0.148567
0.129896
0.439461
0.0935502
0.208053
0.499166
0.159356
0.082389
0.118929
0.474518
0.444242
0.079749
0.306791
0.110479
0.110634
0.365886
0.136973
0.0991399
0.317343
0.0863955
0.146422
0.120585
0.0857663
0.1416
0.0944707
0.290154
0.111546
0.159372
0.0874475
0.130562
0.159996
0.0844291
0.069773
0.41495
0.0529683
0.071953
0.0833617
0.0952367
0.114259
0.307766
0.281327
0.385162
0.212744
0.416437
0.248703
0.534085
0.0827167
0.0753768
0.0914842
0.102613
0.105524
0.168717
0.137023
0.0906163
0.113659
0.220153
0.269774
0.284594
0.26691
0.109252
0.0712932
0.261924
0.0942554
0.1033
1.27438
0.0859878
0.255488
0.075728
0.116656
0.175954
0.0895715
0.437548
0.0712657
0.109877
0.132421
0.0789587
0.345401
0.0813753
0.334472
0.361368
0.394138
0.0970413
0.0969503
1.00061
1.1084
0.147529
0.309669
0.606677
0.114479
0.395746
0.417781
0.177249
0.115287
0.104852
0.290409
0.0969805
0.146651
0.151841
0.105928
0.253376
0.0980009
0.456866
0.0791161
0.061992
0.0894827
0.280466
0.421655
0.0768977
0.107806
0.093811
0.0941401
0.0887375
0.136679
0.395272
0.0870799
0.0843724
0.0633869
0.0766181
0.112435
0.0725719
0.490299
0.122404
0.200452
0.065738
0.276686
0.109396
0.0925248
0.335679
0.144097
0.132473
0.163718
0.317551
0.396855
0.156208
0.144983
0.205714
0.112431
0.0809226
0.140922
0.133302
0.0658239
0.261921
0.233854
0.221047
0.565197
0.111978
0.44689
0.12711
0.455038
0.204578
0.104323
0.196731
0.116303
0.279178
0.109604
0.143434
0.0953218
0.0782935
0.127349
0.12393
0.252778
0.749613
0.723887
0.746337
0.161892
0.367741
0.11297
0.0832998
0.0559805
0.0869493
0.215476
0.143491
0.23946
0.32505
0.106
0.0940302
0.0813642
0.219523
0.102501
0.488972
0.32193
0.094845
0.354628
0.0808475
0.0588501
0.0861552
0.114511
0.123697
0.129262
0.119594
0.0888391
0.330007
0.0940279
0.229217
0.172047
88.034
0.435449
0.071497
0.100152
0.236451
0.106375
0.157372
0.0865851
0.206665
0.0946765
0.0913802
0.202272
0.108598
0.0902897
0.168807
0.0985171
0.0915576
0.561185
0.127533
0.088904
0.162051
0.133268
0.0732977
0.113324
0.363178
0.112826
0.143396
0.0876678
0.0769257
0.102798
0.0730797
0.496007
0.0956337
0.115008
0.217037
0.33204
0.125208
0.100913
0.351569
0.188492
0.128622
0.0792833
0.196345
0.536534
0.104905
0.100129
0.086042
0.0926537
0.248748
0.149473
0.100792
0.238159
0.108701
0.102944
0.145898
0.0920902
0.143202
0.0799631
0.0610645
0.079596
0.269496
0.602518
0.165259
0.259807
0.428782
0.0651871
0.163568
0.439083
0.0771552
0.093384
0.450869
0.136102
0.166587
0.430094
0.332823
0.101689
0.101973
0.254896
0.11057
0.169611
0.22201
0.0903629
0.0815959
0.0903974
0.134395
0.474207
0.0527489
0.508155
0.343725
0.109935
0.641735
0.0893777
0.413509
0.0686403
0.232199
0.090944
0.121865
0.165655
0.563391
0.0838806
0.0744991
0.0994095
0.307473
0.255468
0.814483
0.0913767
0.0931097
0.0932486
0.0997213
0.0737985
0.157692
0.0895309
0.835543
0.0833652
0.0878545
0.536011
0.596801
0.14226
0.0945081
