0.49519
0.242242
0.480389
0.338631
1.14471
1.68118
0.773752
0.138278
0.140232
0.240803
0.381867
0.22045
0.601977
0.199701
0.528306
0.19525
0.186686
0.120643
0.165445
0.187493
0.18834
0.541272
0.274983
0.18088
0.276458
0.454425
0.317098
0.218982
0.169173
0.257006
0.218041
0.337199
0.949045
0.266377
0.381383
0.149287
0.193532
0.571842
0.331442
0.239696
0.277878
3.53791
0.559204
0.630368
0.14621
0.272553
0.353695
0.74503
0.113906
0.161222
0.336811
0.244173
0.105388
0.920349
0.365614
0.166038
0.182127
0.146063
0.311093
4.2152
0.220908
0.662815
0.152524
1.11642
0.129982
0.287407
0.795263
0.152182
0.949118
1.33002
0.214907
0.155886
0.407402
0.0895578
0.33519
0.223638
0.704024
0.171558
0.190929
0.106978
0.290626
0.330956
0.465095
0.43169
0.774355
0.467061
0.453249
0.282081
