17.2001 -28.2 1.49012e-07 -18.1999 -25.4 4.2 
-28.1999 7.4 0.2 -36.1999 -38.2001 0.2 
3.40014 16 1.49012e-07 -6.79986 14.8 0.2 
4.20014 -23.8 1.49012e-07 15.6001 -13.2 1.49012e-07 
3.20014 -22.4 1.49012e-07 -52.8 -31 0.2 
14.2001 14 1.49012e-07 -35.3999 -5.2 0.2 
-7.59986 -30 4.2 -25.7999 -33.8001 0.2 
-33.9999 16.4 0.2 8.40013 -4.2 0.6 
6.60014 10.6 1.49012e-07 -2.99986 3 0.2 
5.60014 16.6 1.49012e-07 -39.5999 17.8 0.2 
-52.4 -31 0.2 -8.19986 -25.2 4.2 
-8.79986 -28.8 4.2 -45.8 -7.99999 4.2 
-33.3999 2.2 4.2 -12.5999 15.6 0.2 
-38.7999 -12.6 4.2 -47.2 16.2 1.49012e-07 
-23.1999 16.2 0.2 -0.199863 -8.79999 0.2 
-44.6 -18.6 0.2 -38.1999 2.6 4.2 
14.0001 4.6 0.2 -20.1999 9.4 0.2 
-54.4 -18.8 0.2 19.2001 12.8 1.49012e-07 
-7.59986 5.6 0.2 -45.8 -4 4.2 
-6.19986 -29 0.2 -40.5999 -0.799996 4.2 
-22.3999 -16 0.2 -11.5999 -2.2 4.2 
-2.59986 -24 4.2 -36.7999 -33 4.2 
-1.99986 0.800004 4.2 -38.7999 -13.8 4.2 
21.0001 -30 1.49012e-07 -28.3999 -18.2 0.2 
-16.5999 14.2 0.2 21.4001 -24.4 1.49012e-07 
9.80013 15.2 1.49012e-07 -49 13.8 1.49012e-07 
-26.9999 -23 0.2 8.60013 -25.6 3.6 
-53.4 -36.2001 0.2 -5.19986 5.2 0.2 
7.60013 -30.4 1.49012e-07 -39.9999 -17.4 4.2 
-4.59986 -16.6 0.2 -9.59986 -16.6 4.2 
-30.9999 -29.6 4.2 -30.9999 10.2 0.2 
-10.3999 -16.2 4.2 13.8001 -24.4 1.49012e-07 
-13.9999 -39.8001 0.2 -39.1999 -28.8 4.2 
14.6001 -21.4 1.49012e-07 -3.79986 9.4 0.2 
18.6001 -15 1.49012e-07 21.0001 -8.79999 1.49012e-07 
1.20014 17.4 1.49012e-07 2.60014 -28.6 4.2 
-22.5999 -4.6 0.2 16.8001 -2 1.49012e-07 
21.2001 -36.4001 0.2 -13.1999 -22.2 4.2 
11.2001 14.6 1.49012e-07 -40.7999 -28.2 0.2 
-51 -0.199996 0.2 -36.3999 -12.2 4.2 
-15.9999 1.8 4.2 -35.3999 -22.6 4.2 
8.00013 15 1.49012e-07 -54.4 5.6 0.2 
-43.2 -25.2 0.2 20.6001 1.8 1.49012e-07 
-54.8 3.8 0.2 -17.3999 -24.2 0.2 
-41.3999 -2 0.2 -17.9999 4 4.2 
15.6001 5.4 0.2 -38.9999 -24.2 4.2 
-19.9999 8.6 0.2 -19.5999 14.4 0.2 
-26.7999 2 0.2 6.60014 -28.4 4 
-41.1999 12.2 0.2 -23.7999 -32 4.2 
7.80013 -22.6 1.49012e-07 19.2001 -20.2 1.49012e-07 
16.4001 -17.8 1.49012e-07 -22.1999 -17.2 0.2 
-25.9999 -28.4 4.2 -17.3999 -19.6 0.2 
-35.7999 -25.6 0.2 12.6001 -9.59999 1.2 
-2.79986 -5.79999 4.2 12.8001 13.6 1.49012e-07 
-3.59986 -4 4.2 -37.3999 -15.2 -2 
-12.9999 11.2 0.2 -45.6 1.8 4.2 
2.40014 2.4 1.49012e-07 -39.5999 -18.6 4.2 
-17.5999 0.400004 4.2 -39.5999 -28.8 4.2 
5.80014 12 1.49012e-07 -6.59986 -1.8 4.2 
-35.7999 -18 -1.4 -17.5999 -33 4.2 
-34.5999 11.4 0.2 -36.1999 -29 0.2 
6.20014 -12.6 1.49012e-07 -11.3999 -21.8 4.2 
-10.3999 2.2 4.2 -37.3999 6.6 0.2 
-28.3999 -21.8 0.2 -6.99986 -3.6 4.2 
-29.7999 -5 0.2 10.0001 -22 3.2 
-38.5999 -7.19999 4.2 -1.39986 -15 4.2 
-44.8 9.2 0.2 17.0001 -28.2 1.49012e-07 
-9.99986 -3.4 0.2 -43.8 -8.59999 4.2 
-19.3999 -39.6001 0.2 2.40014 -22.4 1.49012e-07 
-38.9999 -4.4 4.2 -54.4 -6.99999 0.2 
7.20013 -28 1.49012e-07 -27.7999 12.4 0.2 
-24.9999 6.6 4.2 -51 -10.4 0.2 
-41.7999 -22.2 0.2 7.80013 -15 1.49012e-07 
-44.6 -1.2 4.2 -8.59986 -4.8 4.2 
-51.6 -6.39999 0.2 -21.3999 6 0.2 
-4.99986 -9.59999 4.2 -29.1999 13.8 0.2 
-13.7999 -2.6 4.2 -5.59986 -16.4 0.2 
-8.59986 -3.4 0.2 -51.8 -38.4001 0.2 
-24.3999 -5.79999 4.2 -12.1999 -2 4.2 
-46.2 -6.39999 4.2 6.40014 -18.6 3 
5.80014 -17.4 1.49012e-07 -11.3999 -31.6 4.2 
-7.79986 11.2 0.2 -23.5999 -26.2 4.2 
-5.59986 -29 0.2 -18.1999 -34.8001 4.2 
-1.39986 -3 0.2 13.0001 -17.6 2.4 
-18.9999 3.8 0.2 11.6001 2.2 1.49012e-07 
-24.7999 11.4 0.2 17.2001 -10.4 1.49012e-07 
-46.2 -7.19999 4.2 -23.9999 -0.799996 0.2 
-43.4 -5.99999 0.2 -8.19986 -9.39999 4.2 
