39191.8
12272.7
2649.02
4791.41
25409.7
9747.99
12840.8
7158.02
11477.8
7813.42
19047.4
11975.1
25202.4
18567.2
8352.13
17960.7
7642.96
16248.4
44689.5
23881.4
20040.9
6866.24
7563.2
23736.5
20153.3
10880.5
21562.2
19958
31404.5
16340.6
24500.6
28159.9
29124.5
11955.1
2815.21
27971.3
10459.6
38242.7
13549.2
18694
9730.1
11700.7
19297.1
18274.8
19896
38448.1
134.552
19779.8
34240.3
3637.52
20715.7
27139.9
12552.9
32168.5
21263
25279.5
35003.1
8483.62
31757.1
29179
19589.5
41455.1
18565.1
19401.9
18084.5
6710.1
26053
19510.2
7524.36
17632.3
23930.6
17338.5
24517.5
5625.36
6601.15
25439.3
23788.6
14376
1695.22
10925.4
41933.5
30790.5
12385
2651.34
7290.59
12301.5
22423.2
25929.4
