3004.38
3004.38
3004.38
3004.38
3004.38
3004.38
3004.38
3004.38
3004.38
3004.38
3004.38
3004.38
3004.38
3004.38
3004.38
3004.38
3004.38
3004.38
3004.38
3004.38
3004.38
3004.38
3004.38
3004.38
3004.38
3004.38
3004.38
3004.38
3004.38
3004.38
3004.38
3004.38
3004.38
3004.38
3004.38
3004.38
3004.38
3004.38
3004.38
3004.38
3004.38
3004.38
3004.38
3004.38
3004.38
3004.38
3004.38
3004.38
3004.38
3004.38
3004.38
3004.38
3004.38
3004.38
3004.38
3004.38
3004.38
3004.38
3004.38
3004.38
3004.38
3004.38
3004.38
3004.38
3004.38
3004.38
3004.38
3004.38
3004.38
3004.38
3004.38
3004.38
3004.38
3004.38
3004.38
3004.38
3004.38
3004.38
3004.38
3004.38
3004.38
3004.38
3004.38
3004.38
3004.38
3004.38
3004.38
3004.38
