149.068
78.8864
14.795
22.7079
130.253
58.0603
72.5725
53.0835
55.3299
61.7154
140.113
68.5244
127.965
144.006
49.2989
128.692
41.0517
101.78
120.175
120.56
87.4841
38.0161
44.7719
139.491
72.5738
70.4192
77.5728
93.3406
202.07
69.2107
110.502
173.261
215.777
51.3625
6.74094
83.3524
60.9378
176.271
81.137
130.419
39.726
75.5332
91.4453
90.1401
97.8897
174.629
6.03307
62.9857
98.4566
12.0523
136.108
82.6871
67.4342
100.776
98.435
139.854
207.219
41.8713
102.791
100.287
85.8475
120.318
90.82
82.9374
58.1646
40.8552
102.918
113.764
36.1934
158.403
92.9413
160.268
100.579
36.8559
48.4131
80.7795
81.507
91.906
15.0218
61.4624
133.481
18.2381
65.7842
22.2298
40.8151
54.944
106.585
103.017
