2.75 84.25 4.25 -34.75 81.25 4.25
-64.75 -46.25 4.25 -25.75 -41.75 4.25
-40.75 21.25 4.25 13.25 -40.25 7.25
-0.25 64.75 4.25 4.25 13.75 4.25
-55.75 84.25 4.25 -88.75 -1.25 2.75
2.75 45.25 5.75 7.25 91.75 4.25
14.75 73.75 4.25 40.25 -44.75 2.75
20.75 94.75 4.25 -9.25 22.75 7.25
-55.75 -1.25 5.75 -4.75 54.25 5.75
-78.25 52.75 5.75 -82.75 15.25 4.25
22.25 -20.75 4.25 49.25 61.75 2.75
-91.75 55.75 2.75 2.75 73.75 4.25
-19.75 78.25 4.25 -84.25 36.25 4.25
23.75 90.25 5.75 -90.25 87.25 4.25
-67.75 84.25 4.25 -25.75 61.75 4.25
-24.25 49.75 5.75 41.75 46.75 4.25
-61.75 -4.25 4.25 -78.25 31.75 5.75
-97.75 -41.75 4.25 -43.75 67.75 5.75
-78.25 55.75 5.75 -46.75 94.75 4.25
-3.25 48.25 5.75 -81.25 -35.75 7.25
-18.25 42.25 7.25 25.25 99.25 4.25
10.25 24.25 4.25 -63.25 -14.75 5.75
-76.75 -22.25 7.25 31.25 96.25 4.25
-25.75 63.25 4.25 -57.25 61.75 7.25
-93.25 84.25 4.25 -21.25 -20.75 4.25
-99.25 63.25 2.75 -13.75 67.75 4.25
-45.25 46.75 4.25 16.25 -35.75 7.25
-43.75 -46.25 4.25 -15.25 64.75 4.25
-33.25 51.25 4.25 11.75 90.25 4.25
29.75 3.25 2.75 1.25 39.25 7.25
-48.25 94.75 4.25 -49.75 7.75 5.75
28.25 -35.75 4.25 22.25 54.25 2.75
-70.75 97.75 4.25 -64.75 34.75 7.25
29.75 -47.75 2.75 34.25 21.25 5.75
-43.75 -16.25 7.25 -1.75 -14.75 4.25
-13.75 34.75 7.25 -90.25 88.75 4.25
14.75 45.25 4.25 -18.25 78.25 4.25
10.25 39.25 5.75 -18.25 -23.75 4.25
-94.75 94.75 4.25 29.75 -14.75 2.75
-72.25 -35.75 7.25 -96.25 -43.25 4.25
-96.25 63.25 4.25 -72.25 67.75 5.75
-6.25 94.75 4.25 -3.25 3.25 4.25
43.25 -1.25 2.75 28.25 -4.25 2.75
26.75 22.75 2.75 -18.25 -4.25 4.25
41.75 -14.75 2.75 -13.75 94.75 4.25
-66.25 99.25 4.25 13.25 76.75 4.25
-90.25 46.75 4.25 17.75 -46.25 5.75
44.75 45.25 4.25 -51.25 51.25 5.75
43.25 31.75 4.25 -4.75 -29.75 7.25
-97.75 16.75 2.75 -84.25 21.25 5.75
-33.25 -35.75 4.25 -51.25 45.25 5.75
-70.75 96.25 4.25 14.75 24.25 4.25
28.25 67.75 4.25 11.75 73.75 4.25
-37.75 -38.75 4.25 -25.75 85.75 4.25
16.25 60.25 2.75 -64.75 94.75 4.25
-22.75 -32.75 4.25 -85.75 30.25 4.25
-21.25 34.75 5.75 -4.75 -11.75 4.25
-16.75 -10.25 4.25 20.75 63.25 2.75
-63.25 34.75 7.25 -28.75 -34.25 4.25
-55.75 84.25 4.25 -78.25 -2.75 4.25
8.75 6.25 4.25 35.75 -7.25 2.75
22.25 -28.25 4.25 -22.75 1.75 4.25
7.25 9.25 4.25 -10.75 -10.25 2.75
-1.75 45.25 7.25 -61.75 -29.75 7.25
-69.25 60.25 7.25 -64.75 67.75 7.25
43.25 45.25 4.25 -96.25 24.25 4.25
4.25 84.25 4.25 -96.25 25.75 4.25
-93.25 31.75 4.25 26.75 99.25 4.25
40.25 51.25 2.75 -61.75 73.75 5.75
-52.75 27.25 4.25 44.75 63.25 2.75
-28.75 16.75 4.25 16.25 15.25 4.25
-88.75 69.25 4.25 -75.25 75.25 4.25
-70.75 96.25 4.25 -33.25 96.25 4.25
-57.25 -19.25 7.25 7.25 97.75 4.25
-49.75 60.25 7.25 -25.75 6.25 4.25
-22.75 36.25 5.75 -45.25 18.25 4.25
-27.25 78.25 4.25 -57.25 -44.75 4.25
-9.25 -11.75 4.25 17.75 -37.25 7.25
38.75 67.75 4.25 13.25 -49.25 5.75
-79.75 27.25 5.75 46.25 48.25 4.25
41.75 54.25 2.75 -4.75 -8.75 2.75
-73.75 -11.75 4.25 -3.25 84.25 4.25
-84.25 -25.25 7.25 38.75 57.25 2.75
-3.25 91.75 4.25 -94.75 36.25 4.25
10.25 69.25 4.25 22.25 -2.75 4.25
-6.25 -4.25 2.75 46.25 36.25 5.75
-66.25 42.25 7.25 -85.75 48.25 4.25
-67.75 96.25 4.25 26.75 7.75 2.75
-12.25 7.75 4.25 -1.75 31.75 7.25
-25.75 -17.75 4.25 29.75 -31.25 4.25
-22.75 75.25 4.25 5.75 61.75 4.25
2.75 69.25 4.25 -4.75 84.25 4.25
16.25 57.25 2.75 -22.75 -14.75 4.25
-31.75 34.75 4.25 14.75 73.75 4.25
-45.25 36.25 4.25 -75.25 91.75 4.25
43.25 73.75 4.25 8.75 18.25 4.25
32.75 28.75 4.25 -99.25 70.75 4.25
-16.75 45.25 7.25 40.25 -1.25 2.75
-12.25 16.75 5.75 20.75 22.75 2.75
-30.25 76.75 4.25 -25.75 87.25 4.25
