-51.25 3.25 5.75 -55.75 -19.25 7.25
-46.75 21.25 4.25 -76.75 75.25 4.25
-42.25 40.75 4.25 32.75 55.75 2.75
34.5 -17.8 2.6 29.75 79.75 5.75
-39.25 9.25 5.75 -24.25 97.75 4.25
-85.75 -4.25 2.75 49.25 40.75 4.25
-55.75 -20.75 7.25 -22.75 37.75 5.75
-40.75 94.75 4.25 -70 -36.7 -0.5
-55.75 97.75 4.25 -46.75 -37.25 7.25
-88.75 22.75 4.25 -25.75 -16.25 4.25
-22 -1.4 -0.7 -45.25 -2.75 5.75
-37.75 76.75 4.25 -73.75 39.25 7.25
14.75 97.75 4.25 -34.75 12.25 4.25
22.25 57.25 2.75 -39.25 -38.75 4.25
-86.7 7.4 -0.5 -73.75 -32.75 7.25
-28.75 79.75 -0.25 -89 -15.1 0.4
11.75 46.75 4.25 -43.75 -41.75 4.25
23.75 -41.75 4.25 -63.25 22.75 7.25
47.75 -5.75 2.75 41.1 90.2 10.9
-66.6 -46.5 -0.5 49.25 13.75 2.75
47.75 -29.75 2.75 -18.25 16.75 4.25
-37.9 -21.7 0.2 -46.75 34.75 4.25
-79.75 43.75 5.75 33.2 79.8 4.6
-55.75 -37.25 7.25 -36.25 -46.25 4.25
-4.8 21.8 5.4 4.25 21.25 5.75
-5.3 54.5 4 1.25 -13.25 4.25
7.25 48.25 4.25 31.25 -11.75 2.75
-87.25 7.75 4.25 -82.75 25.75 5.75
29.75 70.75 4.25 -78.25 -14.75 4.25
-79.75 -34.25 7.25 -43.75 69.25 5.75
-57.8 49.2 7.3 -87.25 0.25 2.75
-13.75 -7.25 2.75 -63.25 -26.75 7.25
7.25 -14.75 4.25 -91.75 37.75 4.25
-97.75 52.75 2.75 -21.25 73.75 4.25
-90.25 -20.75 4.25 -88.9 35.3 4.6
19.25 78.25 5.75 46.25 -23.75 2.75
-4.75 97.75 4.25 -72.25 -16.25 -0.25
47.75 -22.25 2.75 -75.9 20.2 -0.8
-87.25 57.25 4.25 -94.75 -13.25 4.25
-66.25 -4.25 4.25 -21.6 42 -0.9
-87.25 10.75 4.25 -54.25 7.75 5.75
28.25 -11.75 4.25 4.25 15.25 4.25
40.25 12.25 2.75 31.25 72.25 4.25
-41.2 83.6 -0.4 24.2 89.3 5.2
-85.75 9.25 4.25 17.75 -28.25 -0.25
-57.25 -14.75 7.25 -6.25 30.25 7.25
-43.75 9.25 5.75 -82.75 -1.25 2.75
-53.7 23.5 5.6 3 4 0.2
14.75 63.25 2.75 19.25 37.75 4.25
26.75 85.75 5.75 -36.25 88.75 22.25
-7.75 -19.25 4.25 -67.75 -40.25 7.25
-34.75 16.75 4.25 37.25 33.25 -0.25
-57.25 79.75 4.25 26.75 67.75 4.25
-33.25 69.25 4.25 -73.75 37.75 7.25
25.25 49.75 2.75 -82.75 -37.25 7.25
-52.75 90.25 4.25 47.75 -26.75 2.75
-72.25 73.75 5.75 -99.25 96.25 4.25
-42.5 -10.4 -0.4 -61.9 -33.4 3.2
-27.25 69.25 4.25 5.75 96.25 -0.25
-24.6 71.2 3.3 1.25 88.75 4.25
17.75 22.75 2.75 -87.25 19.75 4.25
4.25 81.25 4.25 13.25 -32.75 7.25
25.25 24.25 2.75 18.2 62.8 20.3
14.75 21.25 4.25 14.75 -23.75 -0.25
-11.9 87.1 12 -52.75 39.25 4.25
32.9 6 18.5 29.75 54.25 2.75
1.25 -16.25 4.25 -3.25 -13.25 4.25
-70.75 -49.25 4.25 -19.75 -49.25 4.25
28.25 73.75 4.25 -67.75 -29.75 -0.25
-24.25 -11.75 4.25 11.75 -31.25 7.25
-67.75 -31.25 -0.25 -96.25 79.75 4.25
43.25 30.25 4.25 -7.75 12.25 4.25
-96.25 75.25 4.25 -78.25 6.25 4.25
1.25 -14.75 4.25 32.75 52.75 2.75
2.75 13.75 4.25 -85.75 -23.75 5.75
-70.75 43.75 -0.25 40.25 46.75 4.25
-91.75 39.25 4.25 -4.75 16.75 35.75
-66.25 55.75 7.25 -56.9 76.9 0.2
-11.2 27.7 6.6 8.6 45.1 2.7
-66.25 33.25 7.25 49.25 81.25 4.25
32.75 -2.75 2.75 -79.75 -13.25 4.25
-61.75 31.75 5.75 -79.75 -23.75 7.25
1.25 45.25 5.75 20.75 -26.75 4.25
-16.75 61.75 4.25 16.25 21.25 4.25
2.2 54.9 2.4 17.75 88.75 7.25
-20.9 71.5 4.9 -1.75 -22.25 7.25
0.9 50.2 0.1 -57.25 -43.25 5.75
-13.75 57.25 5.75 -13.75 63.25 4.25
-1.75 -4.25 2.75 -27.25 -37.25 4.25
41.75 64.75 2.75 -70.75 67.75 5.75
-85.75 -2.75 2.75 -55.75 -19.25 7.25
48.1 81.7 25.8 -67.75 -25.25 -0.25
-6.25 96.25 4.25 -1.75 67.75 4.25
-87.25 51.25 4.25 -61.75 7.75 5.75
34.25 36.25 5.75 5.75 64.75 4.25
-68.6 79.1 4 49.25 9.25 2.75
43.25 42.25 5.75 23.75 75.25 4.25
8.75 52.75 7.25 -12.25 37.75 7.25
-71.9 49.3 19.1 -49.4 87.4 4.4
-13.75 -43.25 5.75 20.75 97.75 4.25
-90.25 15.25 4.25 29.75 13.75 4.25
31.25 42.25 4.25 13.25 51.25 2.75
20.75 45.25 4.25 -55.75 18.25 5.75
-13.75 46.75 7.25 13.25 96.25 4.25
-51 67.8 0.3 -30.25 39.25 4.25
-7.75 84.25 4.25 -7.75 63.25 4.25
-27.25 45.25 5.75 10.25 7.75 -0.25
-91.75 13.75 4.25 -55.75 93.25 4.25
-82.75 64.75 4.25 23.75 28.75 2.75
4.25 -37.25 -0.25 -7.75 33.25 7.25
13.25 -25.25 7.25 -87.25 -47.75 4.25
-87.25 24.25 4.25 39.3 20.2 19.7
-33.25 63.25 35.75 -10.1 -43.1 27.9
-33.8 8.9 10.1 38.75 -16.25 2.75
-7.75 -26.75 7.25 29.75 64.75 4.25
-73.75 63.25 5.75 -43.75 76.75 23.75
-48.25 -26.75 7.25 -73.75 -37.25 -0.25
-6.8 65.2 3.4 10.25 40.75 5.75
-93.6 -43.4 4.2 32.75 94.75 4.25
7.25 37.75 7.25 -39.25 52.75 4.25
31.25 79.75 5.75 11.75 21.25 -0.25
-6.25 73.75 4.25 -63.25 -16.25 7.25
-49.5 -37.9 6.1 -73.75 -41.75 5.75
-54.25 -35.75 7.25 -12.4 -18.4 5.5
-16.75 88.75 4.25 2.75 34.75 7.25
22.25 15.25 4.25 4.2 -23.2 11.9
-37.75 -43.25 4.25 -19.75 -5.75 4.25
-68.6 44 0.1 -37.75 -43.25 4.25
-30.25 1.75 5.75 -52.75 -25.25 7.25
-9.25 57.25 23.75 -27.25 45.25 5.75
-57.25 16.75 5.75 -70.75 6.25 4.25
-13.75 69.25 4.25 -99.25 34.75 2.75
34.25 66.25 4.25 31.25 13.75 4.25
-45.25 84.25 4.25 43.25 16.75 4.25
47.75 -7.25 2.75 41.75 66.25 2.75
5.9 -5.6 0.3 35.75 22.75 5.75
-58.75 -5.75 5.75 38.75 -5.75 2.75
-85.1 -20.6 4.1 35.75 -4.25 2.75
11.4 50.6 -0.8 -75.25 43.75 5.75
-22.75 42.25 5.75 -93.2 69 2.1
-67.75 24.25 7.25 -88.75 10.75 4.25
-52.75 87.25 4.25 -13.2 -39.5 10.4
-3.25 -23.75 -0.25 10.25 -38.75 -0.25
-63.25 -43.25 5.75 -3.25 -17.75 4.25
8.75 93.25 4.25 -87.3 -49.7 4.1
-32 18.2 0.3 -82.75 64.75 4.25
-24.3 -3.6 -0.8 -37.75 82.75 4.25
-6.25 66.25 4.25 -58.75 25.75 5.75
-67.75 61.75 7.25 -90.25 43.75 4.25
-18.25 3.25 4.25 -85.75 49.75 4.25
-67.75 -31.25 7.25 -55.75 21.25 5.75
16.25 -17.75 4.25 -74.1 80.2 3.7
31.25 24.25 4.25 11.75 64.75 4.25
37.25 97.75 4.25 -78.25 -43.25 5.75
22.25 73.75 4.25 -69.25 87.25 4.25
-88.75 4.75 2.75 -41.5 48.5 -0.6
6.2 15.2 -0.3 -13.75 76.75 4.25
-51.25 93.25 4.25 26.75 54.25 2.75
-82.75 76.75 4.25 -81.25 -16.25 5.75
14.75 -44.75 7.25 47.75 21.25 2.75
-82.75 31.75 -0.25 -45.25 -23.75 7.25
-51.25 -32.75 7.25 11.2 53.2 2.4
-96.25 -47.75 4.25 20.75 -35.75 5.75
-12.25 -19.25 4.25 -13.75 34.75 7.25
28.25 -1.25 2.75 43.6 31.4 3.5
-67.75 48.25 7.25 -90.25 -11.75 4.25
20.75 37.75 4.25 -66.25 34.75 -0.25
-28.75 37.75 4.25 2.75 43.75 -0.25
-91.75 -19.25 4.25 -60.25 67.75 -0.25
5.75 45.25 5.75 -72.25 75.25 5.75
-43.75 -8.75 5.75 -82.75 1.75 4.25
-60.25 7.75 5.75 -19.75 40.75 7.25
8.75 -2.75 2.75 -75.5 99.5 2.9
4.25 -7.25 2.75 -1.75 33.25 7.25
-72.25 -11.75 4.25 -60.25 51.25 -0.25
32.75 -5.75 2.75 -39.25 46.75 4.25
-37.75 87.25 23.75 -99.25 52.75 2.75
-39.25 46.75 4.25 -43.75 72.25 5.75
-67.75 60.25 7.25 -97.75 43.75 2.75
-90.25 70.75 4.25 13.25 -4.25 2.75
-22.75 15.25 4.25 -18 -39.3 16.3
37.25 22.75 5.75 36 59.2 25.5
-25.75 -31.25 4.25 -39.25 61.75 22.25
-19.75 93.25 4.25 43.9 -19 30.9
-75.25 -8.75 4.25 29.75 -8.75 2.75
-63.25 67.75 7.25 -77.4 -0.2 4.4
5.1 22.7 4.2 -75.25 9.25 4.25
-17.9 83.4 -1 21.9 -6.2 31.5
33.2 -40.1 2.9 40.25 -10.25 2.75
-9.25 13.75 4.25 -51 29 20.1
-46.75 -49.25 4.25 22.25 -26.75 4.25
-13.75 78.25 4.25 -10.75 -11.75 2.75
-15.25 70.75 -0.25 1.25 78.25 4.25
14.75 61.75 22.25 -15.1 86.4 24.4
22.1 27.6 0.5 -49.75 -38.75 5.75
-45.25 15.25 4.25 -72.25 21.25 23.75
19.25 -41.75 5.75 -0.25 82.75 4.25
-40.75 16.75 4.25 16.25 3.25 2.75
37.25 -32.75 2.75 -81.4 87.9 2.3
23.75 60.25 2.75 43.7 -39.2 32
27.5 15.9 4 -22.75 78.25 4.25
20.75 48.25 2.75 8.75 33.25 5.75
-81.25 91.75 4.25 -48.25 91.75 -0.25
-4.75 -35.75 8.75 1.25 -16.25 4.25
29.75 -43.25 4.25 19.6 -13.6 4.5
22.25 -35.75 4.25 -61.75 76.75 5.75
-37.75 46.75 4.25 -4.75 40.75 7.25
8.75 60.25 2.75 11.75 -4.25 2.75
-83.1 -23 0.2 25.5 -36 33.7
-27.25 93.25 4.25 -85.75 97.75 -0.25
16.25 69.25 4.25 -45.25 -41.75 5.75
22.4 21.6 1.5 -76.75 1.75 4.25
-94.75 -2.75 2.75 -84.25 -41.75 5.75
-82.75 -25.25 7.25 -31.75 -14.75 4.25
-97.75 57.25 2.75 29.75 -43.25 4.25
44.75 -41.75 2.75 -43.75 13.75 4.25
-39.25 -14.75 5.75 -16.75 43.75 7.25
-90.3 49.4 1.9 17 64.6 7.9
20.3 -33.5 31.9 -99.25 34.75 2.75
-19.75 37.75 7.25 -96.25 52.75 2.75
-25.75 46.75 5.75 49.25 -46.25 2.75
-15.25 49.75 7.25 -88.75 18.25 4.25
4.25 27.25 34.25 29.75 -5.75 2.75
-87.25 0.25 2.75 5.3 1 2.8
19.25 81.25 10.25 -9.25 -29.75 7.25
2.75 78.25 4.25 25.25 78.25 5.75
-40.75 48.25 4.25 -0.25 58.75 4.25
-51.25 48.25 5.75 32.75 28.75 4.25
-33.25 40.75 4.25 31.25 31.75 4.25
-82.75 0.25 -0.25 -75.25 -23.75 -0.25
35.75 79.75 5.75 -55.75 54.25 7.25
41.75 -1.25 2.75 -26.4 98.3 3.6
8.75 33.25 5.75 -27.25 51.25 5.75
16.5 -31.9 -0.1 -39.25 -14.75 5.75
-9.4 2.2 4.1 2 27 7.7
32.75 48.25 2.75 -72.1 91.7 3.7
-48.25 -31.25 7.25 -42.25 76.75 22.25
-76.75 36.25 5.75 22.25 -40.25 -0.25
-99.8 75.8 3.6 -96.25 21.25 4.25
-12.6 -37.9 18.2 7.25 64.75 4.25
-98.3 82.4 2.4 -73.75 -4.25 4.25
-96.25 46.75 2.75 -34.75 -10.25 5.75
23.75 48.25 2.75 -97.75 21.25 4.25
-90.25 31.75 4.25 -6.25 -10.25 2.75
-75.25 25.75 -0.25 -45.25 51.25 4.25
-24 90.2 4.2 15.4 4.9 10.8
-83.2 14.2 12.2 -60.25 15.25 5.75
-28.75 31.75 4.25 15.1 8.6 4.6
-19.75 18.25 4.25 -8.1 -3.6 -1
2.75 21.25 5.75 -3.25 76.75 4.25
-78.25 1.75 4.25 -57.25 3.25 5.75
38.75 54.25 2.75 -66.25 94.75 4.25
-66.5 16.5 3.9 -73.75 -17.75 5.75
26.75 96.25 4.25 -53.9 73.9 17.9
-60.25 27.25 5.75 8.75 9.25 4.25
29.75 31.75 4.25 40.25 -40.25 2.75
26.75 97.75 4.25 41.75 16.75 37.25
43.25 85.75 4.25 -22.75 -38.75 4.25
-31.75 -26.75 4.25 28.25 54.25 2.75
-16.75 93.25 4.25 46.25 52.75 2.75
-64.75 66.25 -0.25 26.75 57.25 2.75
-93.25 33.25 4.25 40.3 60.9 3
-96.25 90.25 -0.25 -49.75 16.75 4.25
-52.75 84.25 4.25 -22.75 63.25 22.25
-19.75 31.75 5.75 -54.6 28.3 21.7
5.75 63.25 4.25 32.75 75.25 4.25
34.25 81.25 5.75 -46.4 -42.6 2.9
-94.75 -2.75 2.75 26.75 46.75 2.75
43.25 -20.75 2.75 -66.25 55.75 -0.25
-36.25 -14.75 5.75 -10.75 66.25 4.25
35.75 57.25 2.75 14.75 40.75 5.75
-15 24 -0.6 -75.25 78.25 4.25
11.75 -32.75 7.25 -63.25 -20.75 7.25
-34.75 -28.25 5.75 -22.75 42.25 5.75
22.25 -8.75 4.25 -0.25 -34.25 8.75
-94.75 -49.25 -0.25 -75.25 64.75 5.75
-43.75 0.25 5.75 2.75 60.25 4.25
-55.75 21.25 5.75 -69.25 93.25 4.25
15.2 8.1 25.3 13.7 -29.7 7.3
2.75 93.25 4.25 -87 42.9 4.8
-60.25 48.25 7.25 -78.25 -41.75 5.75
31.25 49.75 2.75 -51.25 39.25 4.25
-6.2 82.2 3.5 -22.75 -37.25 4.25
-46.1 -36.4 7.2 23.4 77.3 5.6
34.25 66.25 4.25 -63.25 78.25 4.25
40.25 -32.75 2.75 -6.25 25.75 -0.25
-87.25 6.25 4.25 -49.75 54.25 22.25
-51.25 33.25 4.25 -96.25 -40.25 4.25
2.75 49.75 5.75 8.3 22.8 38
-79.75 7.75 4.25 10 80.2 0.2
43.25 70.75 4.25 -90.25 15.25 4.25
-30.25 63.25 4.25 -19.75 -37.25 34.25
-34.75 48.25 4.25 46.25 51.25 2.75
-88.75 3.25 2.75 -94.75 -2.75 2.75
-88.75 52.75 4.25 -82.75 12.25 4.25
-96.8 40.7 2.4 -93.25 49.75 2.75
19.4 5.6 28 38.75 -28.25 2.75
-67.75 37.75 7.25 -91.6 68.8 3.1
-69.25 79.75 4.25 -97.75 85.75 4.25
-18.25 -17.75 4.25 -31.75 34.75 4.25
-28.4 38 3.6 -19.75 43.75 7.25
19.25 13.75 4.25 -60.25 37.75 23.75
23.75 69.25 4.25 -93.25 78.25 4.25
-73.75 -41.75 5.75 -0.25 -4.25 2.75
4.25 76.75 4.25 -37.1 31.3 0.1
19.25 -47.75 4.25 -99.25 33.25 2.75
32.6 36.8 2.4 -43.75 -38.75 5.75
-99.25 85.75 4.25 -67.75 -22.25 22.25
46.9 4.4 37.7 -87.25 -11.75 4.25
-85.75 -20.75 5.75 -52.75 76.75 5.75
-49.75 81.25 4.25 -73.1 81.8 9.2
-2.6 99.7 0.3 16.25 4.75 2.75
-25.75 4.75 4.25 -64.75 37.75 7.25
-91.75 69.25 4.25 40.25 82.75 -0.25
-47.7 -18.5 8.5 -43.75 64.75 5.75
-72.25 0.25 4.25 -97.75 27.25 4.25
29.75 -25.25 2.75 -57.25 -23.75 7.25
19.25 85.75 -0.25 -33.25 4.75 22.25
-22.75 13.75 4.25 43.3 38.4 10.8
32.75 90.25 5.75 -63.25 33.25 7.25
-67.75 60.25 7.25 -55.75 97.75 4.25
-96.25 76.75 4.25 46.25 4.75 2.75
-19.75 9.25 4.25 -30.25 76.75 4.25
-68.3 39.5 7.9 47.75 67.75 2.75
30.6 50.8 1.3 45.2 -27.4 22.2
23.75 4.75 2.75 -96.25 49.75 2.75
8.75 87.25 4.25 -90.25 -29.75 5.75
-48.6 50.5 4.7 13.9 5.9 28.3
16.6 37.7 7.8 -67.75 70.75 5.75
-63.25 51.25 7.25 2.4 46.4 4.7
0.6 20.5 4.6 -6.25 58.75 4.25
-15.25 52.75 5.75 23.75 61.75 2.75
-88.75 -35.75 22.25 13.25 -2.75 2.75
-30.25 69.25 4.25 26.75 21.25 2.75
-43.75 7.75 5.75 -24.25 -47.75 4.25
-54.25 72.25 22.25 -27.2 80.7 5.2
-15.25 -38.75 5.75 17.75 28.75 4.25
-79.75 73.75 4.25 -17.6 72.8 4.3
14.5 -7.5 -0.5 -1.75 -31.25 8.75
-37.75 60.25 4.25 33.2 -12.8 11.1
-87.25 67.75 4.25 44.4 -9.3 18.4
23.9 -39.5 30.6 -97.75 78.25 4.25
13.25 -16.25 4.25 -10.75 66.25 4.25
13.25 30.25 4.25 41.75 13.75 4.25
25.25 76.75 5.75 -82.75 60.25 4.25
-3.3 -42.6 7.1 -31.3 -48.2 3
35.75 -38.75 2.75 -0.2 -1.6 -0.7
-72.25 -37.25 7.25 -21.25 52.75 5.75
37.25 51.25 2.75 -10.75 42.25 7.25
-39.25 16.75 4.25 -72.25 70.75 5.75
-67.75 52.75 7.25 19.25 -29.75 5.75
-82.4 -43.2 4.9 -58.9 91.8 20.3
-57.25 4.75 5.75 13.25 -32.75 7.25
-64.75 -44.75 4.25 -61.75 45.25 7.25
40.25 -8.75 2.75 -31.75 18.25 4.25
7.25 51.25 5.75 -61.75 55.75 -0.25
-94.75 73.75 4.25 34.25 -35.75 2.75
-52.75 42.25 4.25 22.25 40.75 -0.25
-66.4 75.1 3.9 -54.25 -37.25 7.25
-64.75 -11.75 5.75 -7.75 55.75 22.25
19.25 48.25 2.75 32.75 85.75 5.75
32.75 91.75 5.75 -40.75 -38.75 5.75
28.25 7.75 2.75 35.75 -20.75 2.75
-88.75 48.25 4.25 -22.75 94.75 4.25
23.4 15.3 -0.9 -73.75 -41.75 5.75
-33.25 -37.25 4.25 -40.75 94.75 4.25
-91.75 -37.25 5.75 49.25 21.25 2.75
-93.25 34.75 4.25 4.25 55.75 4.25
-70.75 66.25 5.75 13.2 28 1.4
-39.25 1.75 5.75 -19.3 62.2 12.7
-78.25 -20.75 7.25 -3.25 73.75 4.25
-93.25 -32.75 -0.25 28.25 -32.75 4.25
-24.25 -26.75 4.25 -97.75 -37.25 4.25
5.75 27.25 5.75 -90.25 -8.75 2.75
26.75 85.75 5.75 -90.25 16.75 4.25
-49.75 73.75 -0.25 2.75 21.25 5.75
-99.25 63.25 2.75 -3.25 42.25 22.25
14.75 3.25 2.75 1.25 4.75 4.25
-91.75 -38.75 5.75 1.25 6.25 4.25
22.25 18.25 2.75 -55.75 28.75 5.75
14.75 78.25 4.25 -36.25 67.75 -0.25
-78.25 -46.25 4.25 46.25 49.75 2.75
38.75 49.75 4.25 -96.25 0.25 2.75
1.25 43.75 7.25 -7.75 -5.75 2.75
-91.75 1.75 22.25 -39.25 46.75 4.25
-34.75 10.75 -0.25 -55.75 -40.25 5.75
-4.75 -19.25 5.75 43.25 -22.25 2.75
-81.25 -34.25 7.25 -0.25 4.75 4.25
19.25 -43.25 5.75 -63.25 84.25 4.25
-54.25 91.75 4.25 -91.75 37.75 4.25
-85.75 -46.25 4.25 -31.75 33.25 4.25
-9.25 -22.25 -0.25 15.9 6.9 16.6
-9.25 25.75 7.25 -48.25 10.75 5.75
-3.25 15.25 4.25 20.75 87.25 10.25
-60.25 18.25 5.75 -90.25 27.25 4.25
10.25 76.75 -0.25 -91.75 -4.25 2.75
-36.25 85.75 4.25 -97.75 51.25 2.75
-97.75 28.75 4.25 -79.75 -35.75 7.25
26.75 61.75 2.75 25.25 31.75 2.75
-27.25 -43.25 4.25 -52.75 0.25 5.75
44.75 -38.75 2.75 29.75 4.75 2.75
-85.75 69.25 4.25 47.75 -43.25 2.75
-97.75 -40.25 4.25 -95.6 14.5 4.3
-33.25 27.25 4.25 -55.75 3.25 5.75
-90.25 -38.75 5.75 -21.25 42.25 -0.25
-61.3 71.7 5.9 -88.75 51.25 4.25
-72.25 -47.75 4.25 -69.25 99.25 4.25
-79.75 -13.25 4.25 -12.25 -8.75 2.75
-79.75 58.75 4.25 34.25 -11.75 2.75
-69.25 -2.75 4.25 -17.7 -39.2 1.7
-29.4 -0.5 -0.6 -29.5 10.3 2.4
-90.25 37.75 4.25 -30.25 -46.25 4.25
-79.75 -25.25 7.25 29.5 98.6 -0.7
-25.75 -31.25 4.25 -4.75 -10.25 4.25
-44.6 19.3 0.2 -75.25 -13.25 5.75
-91.75 57.25 2.75 13.25 13.75 4.25
-80.5 23.5 -0.2 13.25 -22.25 -0.25
-79.75 -2.75 4.25 49.25 -22.25 2.75
-78.25 51.25 5.75 -64.75 -2.75 4.25
-10.75 52.75 5.75 -26 -36.7 0
-30.25 6.25 5.75 16.25 -29.75 7.25
43.25 24.25 -0.25 7.25 -13.25 4.25
-24.25 42.25 5.75 5.75 76.75 4.25
34.25 -16.25 2.75 -69.25 19.75 7.25
-97.75 -7.25 2.75 -21.25 67.75 4.25
-58.75 -11.75 5.75 47.75 -11.75 2.75
-48.7 -18.7 10.4 -70.75 -26.75 7.25
-66.25 49.75 -0.25 -12.5 41.2 17.2
-46.75 24.25 -0.25 -94.75 91.75 4.25
-60.25 93.25 4.25 -37.75 57.25 4.25
-2.9 98.7 0.1 -25.3 -18.8 4
7.25 33.25 5.75 -35 61.5 4.4
-4.75 96.25 4.25 -31.75 69.25 4.25
-46.75 -28.25 7.25 -28.75 12.25 4.25
-54.25 85.75 4.25 -37.75 -2.75 5.75
-54.25 -19.25 7.25 4.25 54.25 4.25
-15.25 12.25 4.25 32.75 -37.25 2.75
-45.25 57.25 5.75 -24.25 -25.25 4.25
-25.75 63.25 4.25 -67.75 19.75 7.25
-3 65 10.4 -60.25 -22.25 7.25
25.25 58.75 2.75 -40.75 12.25 4.25
-40.75 -17.75 7.25 43.25 -35.75 2.75
7.25 18.25 4.25 -31.75 -20.75 4.25
47.75 88.75 4.25 34.25 -28.25 2.75
-31.75 69.25 4.25 37.25 -5.75 2.75
4.25 -31.25 8.75 37.25 28.75 4.25
25.25 -26.75 4.25 -4.75 1.75 4.25
-57.25 -41.75 5.75 34.25 27.25 4.25
-0.7 25.3 -0.4 -36.25 45.25 4.25
-3.25 -37.25 8.75 31.4 -50 0
-57.4 90 29.2 -1.75 76.75 4.25
0.2 52.4 0.3 -79.75 33.25 5.75
-31.75 76.75 4.25 6.8 59.7 3.9
38.75 43.75 4.25 -54.25 -41.75 5.75
24.9 54.9 11.1 -42.25 72.25 5.75
-64.75 -35.75 7.25 -69.25 97.75 4.25
-73.75 82.75 4.25 -90.25 -47.75 4.25
-55.75 57.25 7.25 23 13.3 24.7
-6.25 37.75 -0.25 -39.25 84.25 4.25
-12.25 94.75 4.25 -88.75 37.75 -0.25
-13.75 72.25 4.25 -99.25 -11.75 2.75
-22.75 15.25 4.25 41.75 24.25 4.25
38.75 -46.25 2.75 13.25 76.75 4.25
-18.25 55.75 5.75 44.75 -32.75 2.75
1.25 88.75 4.25 -52.75 -49.25 4.25
14.75 70.75 4.25 -54.25 -43.25 5.75
-90.25 69.25 -0.25 41.1 60.1 3.8
25.25 49.75 2.75 -34.75 48.25 4.25
4.25 15.25 4.25 -18.5 44.6 0.2
-22.75 -4.25 4.25 -32.1 76.9 2.6
-69.25 40.75 7.25 14.75 -28.25 7.25
-10.75 16.75 5.75 -87.25 7.75 4.25
-54.25 18.25 5.75 -18.25 82.75 4.25
31.25 37.75 4.25 37.25 4.75 2.75
-21.25 82.75 4.25 -90.25 0.25 2.75
26.75 31.75 2.75 -34.75 31.75 4.25
-90.6 -29.6 5.6 7.25 18.25 4.25
-49.75 63.25 7.25 -6.25 30.25 7.25
19.25 46.75 4.25 -40.75 67.75 5.75
-6.25 -2.75 2.75 -40.4 7.8 5.9
-97.75 -14.75 2.75 -30.25 85.75 4.25
-90.25 -19.25 4.25 -82.75 87.25 4.25
16.25 -11.75 2.75 34.25 -32.75 2.75
34.25 85.75 5.75 43.25 -4.25 2.75
-78.25 -25.25 7.25 -31.75 34.75 4.25
-49.75 72.25 5.75 49.25 -8.75 2.75
-70.75 1.75 4.25 14.75 54.25 2.75
17.75 21.25 2.75 19.5 39.5 -0.3
-13.75 58.75 4.25 -99.25 52.75 2.75
47.75 -40.25 2.75 11.75 63.25 2.75
34.6 -0.6 6.4 -22.75 -1.25 4.25
-93.25 63.25 4.25 14.6 27.2 4.2
-4 -4.8 -0.8 -99.25 0.25 2.75
-27.5 86.5 -0.4 -84.6 86.8 4.8
-61.75 -31.25 7.25 -12.25 81.25 4.25
-30.25 66.25 4.25 -75.4 -6.6 4.1
-43.75 34.75 23.75 -75.25 -1.25 4.25
-1.75 -19.25 -0.25 26.75 -19.25 4.25
31.25 88.75 5.75 -41.1 -10.4 6
23.75 28.75 2.75 -16.75 -34.25 5.75
