0.156513
0.37365
0.141705
0.30056
0.191737
2.57253
0.370359
1.03784
0.178142
0.220247
3598.96
0.460453
0.114477
0.390279
0.139731
0.19354
0.483694
0.30247
0.22597
0.130659
0.235751
0.155564
0.181864
0.122195
-nan
0.422926
0.301009
6.01374
3.95086
0.3145
0.334183
2.10745
1.36911
0.575532
8.38558
0.435962
0.356057
0.255158
0.325772
0.81237
0.33146
0.251293
0.356209
0.134707
9.18686
0.500659
0.79002
0.190483
2.45652
0.267249
0.114462
0.126916
0.566737
0.433975
5.61825
0.199226
0.524387
0.23206
5.91258
0.201181
0.205756
0.187277
0.194405
0.784538
0.184178
0.448902
0.430681
0.293724
0.183496
0.503897
0.227219
0.185936
-nan
-nan
0.341673
0.250717
0.197625
0.837203
0.152599
0.120133
0.414772
0.253264
0.118845
10.1309
0.112072
0.330528
0.571182
0.281748
0.236199
0.135241
0.604028
0.378834
1.16024
0.182725
0.306269
0.0763777
0.169169
1.90565
1.60693
0.159637
0.400985
0.138069
4.62765
0.369473
0.177984
0.214994
0.125749
0.196731
0.188687
0.427536
0.386047
0.363182
0.178592
0.275605
0.302512
0.107828
0.413521
0.171577
0.177993
0.198577
0.145449
0.175513
0.334711
0.698862
0.262839
