13.6001 16 1.49012e-07 -14.3999 14.4 0.2 
-12.5999 2.4 0.4 -34.9999 -15.4 4.2 
-21.9999 3.2 0.2 -2.59986 -18.4 0.2 
-25.9999 -14.8 0.2 21.4001 -18 1.49012e-07 
-12.3999 -3.4 0.2 -6.79986 -14.8 4.2 
2.20014 -16.8 1.49012e-07 -36.9999 -20.4 -0.8 
-54.2 -28.8 0.2 14.4001 -19.2 1.49012e-07 
-24.1999 -32 0.2 -39.3999 -16 4.2 
-4.39986 9.2 0.2 9.60013 -19.2 1.49012e-07 
-32.9999 -21.8 -0.4 -43.2 -0.399996 4.2 
-35.9999 -2 4.2 21.0001 -21.6 1.49012e-07 
4.80014 -22.4 1.49012e-07 -37.9999 -30.8 0.2 
-43.8 -28.8 4.2 -16.5999 -27 0.2 
-28.7999 -3.4 0.2 -19.1999 -16.4 0.2 
-34.3999 -21.2 -0.6 -39.7999 8.4 0.2 
-8.59986 16.6 0.2 -19.3999 -5.4 0.2 
-46.2 -6.19999 4.2 11.6001 -23.6 3.2 
-7.99986 -15 4.2 -14.5999 -33.8001 0.2 
-0.199863 -3.4 5.4 -6.39986 -23.4 4.2 
-54.2 -7.79999 0.2 7.60013 -36.6001 0.2 
-15.9999 14.4 0.2 -2.99986 8.6 0.2 
-10.1999 9.8 0.2 -17.7999 -31.2 4.2 
-37.9999 -9.19999 4.2 5.00014 14 1.49012e-07 
-29.9999 -0.199996 0.2 -2.79986 15.8 1.49012e-07 
-38.1999 -29.6 4.2 -29.5999 -38.2001 0.2 
-44.8 -22.8 4.2 5.60014 2 1.49012e-07 
-5.99986 -12.4 4.2 -9.39986 1.4 4.2 
12.6001 -14.8 1.49012e-07 -35.3999 -8.59999 4.2 
-26.1999 -27 4.2 -19.9999 -19.4 0.2 
-4.59986 -37.0001 0.2 -40.9999 -23.4 4.2 
-4.79986 -39.0001 0.2 -5.19986 -11 4.2 
-10.5999 4 5.4 -53.4 0.600004 0.2 
-54.2 13 1.49012e-07 11.8001 -0.599996 1.49012e-07 
-46 12.8 1.49012e-07 -1.39986 -29.2 4.2 
-7.59986 -10.2 4.2 -49.6 -23.8 0.2 
-9.99986 -32.2 4.2 -26.9999 -2 4.2 
13.6001 4.2 0.2 -35.1999 -22 4.2 
5.00014 10.8 1.49012e-07 15.4001 -35.2001 1.49012e-07 
-39.9999 -26.6 4.2 -36.9999 -6.59999 0.2 
-15.1999 13.6 0.2 -26.7999 -2.6 4.2 
-38.5999 -23.2 1.49012e-07 -7.99986 6.8 0.2 
-26.3999 -14.4 0.2 21.4001 11.6 1.49012e-07 
-35.1999 -10.2 4.2 -46.4 -20.8 4.2 
-51.8 -26.8 0.2 -29.9999 -2.2 0.2 
-54.8 -16.4 0.2 1.40014 -30.2 4.2 
-6.19986 4.08292e-06 0.2 -18.9999 -25.2 4.2 
-46.6 -17 4.2 4.00014 1.8 1.49012e-07 
4.40014 17.2 1.49012e-07 -34.5999 -11.6 4.2 
-53.6 -25.6 0.2 -54.4 -9.39999 0.2 
-49.4 -33.6001 0.2 -3.99986 -1.2 0.2 
-9.99986 -19 4.2 -38.5999 6.6 0.2 
-39.3999 8.4 0.2 0.00013724 -28 1.4 
-43.2 -23.2 4.2 -20.5999 -30 4.2 
-33.5999 0.400004 4.2 -37.1999 -11.4 4.2 
-40.9999 -30.8 4.2 -5.39986 -10.6 0.2 
-49 -8.19999 0.2 20.8001 -16 1.49012e-07 
-34.1999 -12.6 4.2 -9.59986 -13 4.2 
-51.2 -11.6 0.2 -44 2.6 0.2 
-54.8 1.8 0.2 6.80014 -12.2 1.49012e-07 
-8.39986 6.2 0.2 8.80013 -25.6 3.6 
-1.79986 -4.8 4.2 -39.5999 -12.4 4.2 
-1.59986 11 1.49012e-07 -22.7999 4.2 4.2 
-42.8 9.8 0.2 -7.79986 -8.79999 4.2 
14.6001 13.4 1.49012e-07 21.4001 -24.2 1.49012e-07 
-38.9999 -2.4 4.2 -36.1999 2.4 0.4 
-18.5999 -30.6 0.2 -24.7999 -33.4001 4.2 
-31.7999 -4.4 0.2 -14.7999 -34.8001 4.2 
-32.3999 -33.8001 4.2 -42.4 1 0.2 
-25.5999 -29.4 0.2 -23.7999 -30 0.2 
13.4001 8.2 0.2 -32.3999 12.2 0.2 
18.6001 -20 1.49012e-07 -34.1999 -32.2 0.2 
-6.19986 -17.8 0.2 -4.19986 -19.4 4.2 
13.2001 0.200004 1.49012e-07 -25.7999 -5 0.2 
10.2001 6.8 0.2 -15.1999 -27.2 4.2 
-33.5999 -17 -1.6 -1.99986 -27.6 4.2 
-12.9999 -30.4 0.2 -15.1999 -6.59999 4.2 
-45.6 -7.19999 4.2 -45 -11.6 0.2 
-10.9999 -12.8 -1 -32.5999 2 4.2 
-29.1999 -24.2 5.4 -51.2 7.2 0.2 
15.4001 4.4 0.2 -43.6 -25.4 0.2 
-46.8 -18.4 4.2 -38.1999 -27.4 4.2 
3.00014 12.2 1.49012e-07 7.00013 -12.6 1.49012e-07 
-16.5999 14.2 0.2 0.200137 -38.8001 0.2 
-5.99986 -27.2 4.2 13.8001 1 1.49012e-07 
-21.3999 -37.2001 0.2 10.2001 -3.8 1.8 
-30.5999 -25.8 4.2 -13.7999 -25.6 4.2 
-4.79986 -2.2 4.2 -24.7999 2.6 4.2 
-34.3999 -23.4 4.2 -2.19986 7.4 0.2 
17.8001 -14.2 1.49012e-07 -27.1999 -29.4 0.2 
-25.5999 -0.799996 0.2 -39.7999 -27.6 0.2 
-42.4 -27.4 0.2 19.6001 2.4 1.49012e-07 
-39.1999 7.8 0.2 -37.7999 -12.2 4.2 
-22.7999 8 0.2 3.60014 15.6 1.49012e-07 
15.8001 12.6 1.49012e-07 -8.19986 -21.8 4.2 
-45.6 -30.6 4.2 -41.5999 -8.79999 0.2 
-21.1999 18 0.2 -7.19986 -29.8 0.2 
-1.59986 -1.6 4.2 -4.19986 -26.2 4.2 
4.00014 -21.8 3.8 -4.99986 7.8 0.2 
-12.5999 -19 4.2 -12.7999 -16.4 -2 
-15.9999 -0.799996 4.2 11.2001 -20 1.49012e-07 
14.0001 -13.2 1.8 -22.3999 11.4 0.2 
18.6001 18 0.2 -26.3999 -39.4001 0.2 
-37.5999 1.6 0.4 14.0001 -9.99999 1.49012e-07 
-6.99986 -1.8 4.2 7.00013 -14.8 1.49012e-07 
9.80013 13.8 1.49012e-07 -2.59986 -11.6 0.2 
13.8001 -23.8 1.49012e-07 -6.79986 -15.4 4.2 
-35.7999 -16.2 -1.8 -26.5999 -22.8 0.2 
-46.8 11.6 1.49012e-07 -46.8 -18.2 4.2 
-38.3999 -9.39999 4.2 -54.6 3.2 0.2 
-36.1999 -33.2001 4.2 4.20014 -4 0.2 
-44.2 -6.59999 0.2 -29.7999 -34.2001 4.2 
-19.9999 -16.4 0.2 -11.9999 2.6 4.2 
-30.5999 5 0.2 -15.1999 6.6 0.2 
-45.4 -5.79999 4.2 -45.6 -30 0.2 
-12.5999 -4.6 4.2 -40.5999 -16.2 4.2 
-54.6 1.8 0.2 -31.3999 2.6 4.2 
-54 6.2 0.2 10.8001 -34.4001 1.49012e-07 
-5.59986 6.4 0.2 11.6001 15.6 1.49012e-07 
14.2001 2.2 1.49012e-07 -1.39986 -13.8 0.2 
-28.3999 17.6 0.2 -46 -16.4 0.2 
-39.9999 -26.8 4.2 -53.2 -11.4 0.2 
20.8001 12.4 1.49012e-07 -2.79986 -9.39999 4.2 
17.6001 13.6 1.49012e-07 14.6001 -32 1.49012e-07 
-15.9999 -27.4 0.2 -26.5999 -23.6 0.2 
-17.5999 -25.6 4.2 -11.1999 -16.4 4.2 
