44.5815
93.8792
35.4812
58.0137
42.6384
45.5824
89.547
118.414
35.579
149.465
92.0203
87.5648
62.4283
56.412
82.5685
25.8632
72.5746
86.9571
22.7741
86.9094
17.1498
67.4842
95.8064
33.9355
124.346
78.9626
15.2432
112.992
78.8417
113.567
66.5367
119.411
71.8346
79.1012
101.784
46.4198
78.8948
65.5704
106.005
89.629
75.1293
77.2036
16.9519
34.6631
104.248
65.9767
89.4171
105.797
26.436
67.1224
93.3704
63.6023
24.1824
13.016
83.4396
75.1611
32.1128
17.367
64.6444
50.9516
43.3408
87.9986
82.8848
45.9988
106.542
101.152
84.9296
102.591
1.99778
68.4704
62.5063
34.9839
42.9821
57.7673
77.9725
74.0183
129.233
105.439
124.331
83.0136
17.1547
30.6359
61.4692
50.6237
56.1182
16.8357
25.8432
79.7468
108.212
38.8657
81.1013
126.714
28.9437
58.6636
131.616
54.7008
26.9474
46.263
94.9606
66.3912
49.5274
76.6283
60.417
58.883
32.412
61.7741
12.9487
134.289
143.563
62.8308
99.8691
107.722
22.3061
150.893
33.7143
158.857
115.261
20.3874
26.5318
39.9877
128.685
61.1787
65.1742
14.058
12.4117
