7441.17
25314.6
10613.7
13435.3
8724.58
7522.68
22729.3
25546.3
7330.82
32326.8
35702.9
25685.1
27103.7
10948.4
18569.4
3090.98
18630.2
35228.9
3955.79
22807.4
4426.38
17502.9
28380.5
4188.42
33428.5
21307
2129.93
31542.7
29701.1
34617.7
29585
28259.2
13268.1
19612
27135.9
11158.8
26189.3
10548.7
22921.1
27086.2
16859.9
17987.3
2477.55
11257.5
42317.5
14158.5
19020.2
27647.6
4582.5
12892.1
21170
11574.4
5873.64
2690.68
29586.6
20755.3
5115.47
1689.94
13266.3
11877.7
8572.02
23819.6
31704.1
11139.4
28339.9
42858.2
27560.2
26583.3
430.142
15585.7
17389.4
11440.6
8751.89
12880.3
24805.6
31561.3
21334.8
26293.2
21761.7
21003.1
3199.99
7098.14
12417.1
5489.3
14316.8
2352.96
4777.06
41468.1
22315.5
6473.13
19783.7
25041.7
4775.81
13341.2
24483.5
12308.4
4881.37
7250.77
26320.3
49907.4
12506.3
15035
9498.14
4723.96
5013.59
18346.8
1910.11
21486.2
18506.7
18739.1
24772.9
34154.3
4677.19
20508.1
5713.57
21537.2
20979.5
1835.28
4130.66
7522.99
23000.7
12172.5
16327.4
3053.2
2631.94
