4.72269
0.46674
5.45101
4.73189
4.7537
1.47925
3.77705
1.52324
2.70156
0.713648
2.19785
2.50383
2.31509
2.32567
0.95593
2.51006
1.06449
2.68503
1.20257
4.63838
3.01181
3.44208
4.52968
0.621085
3.21315
2.04811
4.51411
3.22088
1.85808
1.25498
2.19996
1.90938
1.07006
0.975215
1.11072
4.42895
1.27735
2.4223
4.25773
0.374609
0.326386
2.57328
0.115887
1.21117
3.46531
1.4116
4.34796
2.43976
2.25352
0.123463
2.41509
2.96145
0.152134
3.90188
2.56826
3.10742
1.49439
3.51575
2.8509
2.66732
0.469205
1.08267
0.349777
4.25775
0.079116
4.31223
3.48482
4.02024
3.12373
4.49237
1.14835
0.215742
0.311603
4.41127
1.99438
0.448755
4.18001
1.00718
3.56845
4.33361
1.78885
3.83016
4.30157
3.14346
2.11283
2.32701
0.315587
3.62323
0.388206
1.95876
0.696974
0.251205
2.54415
2.54983
2.98929
1.19534
4.56842
3.53694
0.706031
0.079976
