-35 81 -34 81 -33 81 -33 80 -33 79 -33 78 -32 78 -31 78 -30 78 -29 78 -28 78 -27 78 -26 78 -25 78 -24 78 -23 78 -22 78 -21 78 -20 78 -19 78 -18 78 -17 78 -16 78 -15 78 -14 78 -13 78 -12 78 -11 78 -10 78 -9 78 -8 78 -7 78 -6 78 -5 78 -4 78 -3 78 -2 78 -1 79 0 80 1 80 2 81 3 82 3 83 3 84
-25 -42 -26 -42 -27 -42 -28 -42 -29 -42 -30 -42 -31 -42 -32 -42 -33 -42 -34 -42 -35 -42 -36 -42 -37 -42 -38 -42 -39 -42 -40 -42 -41 -42 -42 -42 -43 -42 -44 -42 -45 -42 -46 -43 -47 -43 -48 -43 -49 -43 -50 -43 -51 -44 -52 -44 -53 -44 -54 -44 -55 -45 -56 -45 -57 -46 -58 -46 -59 -46 -60 -46 -61 -46 -62 -46 -63 -46 -64 -46 -65 -46
13 -40 12 -39 11 -38 10 -37 10 -36 10 -35 9 -34 8 -33 7 -32 6 -31 5 -31 4 -31 3 -30 2 -29 1 -28 0 -27 -1 -26 -2 -25 -3 -24 -3 -23 -3 -22 -3 -21 -3 -20 -3 -19 -3 -18 -3 -17 -3 -16 -3 -15 -3 -14 -4 -13 -5 -12 -6 -11 -7 -10 -8 -9 -9 -8 -10 -7 -11 -6 -12 -5 -13 -5 -14 -5 -15 -4 -16 -3 -17 -2 -18 -1 -19 0 -20 1 -21 2 -22 3 -22 4 -22 5 -22 6 -22 7 -22 8 -23 9 -24 10 -25 11 -26 12 -27 13 -28 14 -29 15 -30 16 -31 17 -32 18 -33 18 -34 18 -35 18 -36 18 -37 18 -38 18 -39 19 -40 19 -41 20
4 14 4 15 4 16 4 17 4 18 3 19 3 20 3 21 3 22 2 23 1 24 0 25 -1 26 -1 27 -1 28 -1 29 -1 30 -1 31 -1 32 0 33 1 34 2 35 3 36 4 37 4 38 4 39 4 40 4 41 4 42 4 43 4 44 4 45 4 46 4 47 4 48 4 49 4 50 4 51 3 52 3 53 2 54 2 55 2 56 2 57 2 58 2 59 2 60 2 61 2 62 1 62 1 63 0 63 0 65
-89 -1 -88 0 -87 1 -86 2 -86 3 -86 4 -86 5 -86 6 -87 7 -88 8 -89 9 -90 10 -90 11 -90 12 -90 13 -90 14 -90 15 -90 16 -90 17 -90 18 -90 19 -90 20 -90 21 -90 22 -90 23 -90 24 -90 25 -90 26 -90 27 -90 28 -90 29 -90 30 -90 31 -90 32 -90 33 -90 34 -89 35 -88 36 -88 37 -87 38 -86 39 -86 40 -86 41 -86 42 -86 43 -85 44 -85 45 -85 46 -84 47 -84 48 -84 49 -84 50 -84 51 -83 52 -82 53 -81 54 -80 55 -79 56 -78 57 -77 58 -76 58 -75 59 -74 60 -73 61 -73 62 -73 63 -73 64 -73 65 -73 66 -73 67 -72 67 -71 67 -71 68 -71 69 -71 70 -71 71 -70 72 -69 73 -68 74 -67 75 -66 76 -65 77 -65 78 -64 79 -63 80 -62 81 -61 82 -60 82 -59 82 -58 83 -57 83 -56 84
7 92 6 91 5 90 5 89 5 88 5 87 5 86 5 85 5 84 5 83 5 82 5 81 5 80 5 79 5 78 5 77 5 76 5 75 5 74 5 73 5 72 5 71 5 70 5 69 5 68 5 67 5 66 5 65 5 64 5 63 5 62 5 61 4 60 4 59 4 58 4 56 4 55 4 54 4 53 4 52 4 51 4 50 4 49 4 48 4 47 4 46 3 45
40 -45 40 -44 39 -43 38 -42 38 -41 38 -40 38 -39 38 -38 38 -37 38 -36 38 -35 38 -34 38 -33 38 -32 38 -31 38 -30 38 -29 38 -28 38 -27 38 -26 38 -25 38 -24 38 -23 38 -22 38 -21 38 -20 38 -19 38 -18 38 -17 38 -16 38 -15 38 -14 38 -13 38 -12 38 -11 38 -10 38 -9 38 -8 39 -7 40 -6 40 -5 40 -4 40 -3 40 -2 40 -1 40 0 40 1 40 2 40 3 40 4 40 5 40 6 40 7 41 8 42 9 43 10 44 11 44 12 44 13 44 14 44 15 44 16 44 17 44 18 44 19 44 20 44 21 44 22 44 23 44 24 44 25 43 26 43 27 43 28 42 29 41 30 41 31 40 32 39 33 38 34 37 35 36 36 36 37 35 38 34 39 34 40 33 41 32 42 31 43 30 44 29 45 29 46 29 47 29 48 29 49 29 50 29 51 29 52 29 53 29 54 29 55 29 56 29 57 29 58 29 59 28 60 28 61 27 62 26 63 25 64 25 65 24 66 23 67 22 68 21 69 20 70 19 71 18 72 17 72 16 73 15 74
-9 23 -9 24 -8 25 -7 26 -6 27 -5 28 -4 28 -3 29 -3 30 -2 31 -1 32 0 33 1 34 2 35 3 36 4 37 4 38 4 39 4 40 4 41 4 42 4 43 4 44 4 45 4 46 4 47 4 48 4 49 4 50 4 51 4 52 4 53 4 54 4 55 4 56 4 57 4 58 5 59 6 60 7 61 7 62 8 63 8 64 8 65 8 66 8 67 8 68 8 69 8 70 8 71 8 72 8 73 8 74 8 75 8 76 8 77 8 78 8 79 8 80 8 81 8 82 8 83 8 84 8 85 9 86 10 87 11 88 12 89 13 90 14 91 15 92 16 93 17 93 18 94 19 95 20 95 21 95
-5 54 -5 53 -6 52 -7 51 -7 50 -8 49 -9 49 -10 48 -11 48 -12 48 -13 48 -14 47 -15 46 -16 45 -17 44 -18 44 -19 43 -20 42 -21 41 -22 40 -22 39 -22 38 -23 37 -24 36 -25 35 -25 34 -26 33 -27 32 -27 31 -28 30 -29 29 -29 28 -30 27 -31 26 -32 25 -33 24 -34 23 -35 22 -36 21 -37 20 -38 19 -39 18 -40 17 -41 16 -42 15 -43 15 -44 15 -45 15 -46 14 -47 13 -48 12 -49 11 -50 11 -51 10 -52 9 -53 8 -54 7 -54 6 -54 5 -54 4 -54 3 -54 2 -54 1 -55 0 -56 -1
-83 16 -83 17 -83 18 -83 19 -83 20 -82 21 -82 22 -81 23 -80 24 -80 25 -80 26 -80 27 -80 28 -80 29 -80 30 -80 31 -80 32 -80 33 -80 34 -80 35 -80 36 -80 37 -80 38 -80 39 -80 40 -80 41 -80 42 -80 43 -80 44 -80 45 -80 46 -80 47 -80 48 -80 49 -79 50 -79 51 -79 52 -78 53
49 62 49 61 49 60 48 59 47 58 46 57 45 56 44 55 43 54 43 53 43 52 43 51 43 50 43 49 43 48 43 47 43 46 43 45 42 44 41 43 40 42 39 41 38 40 38 39 38 38 38 37 38 36 38 35 38 34 38 33 38 32 38 31 38 30 38 29 37 28 36 27 35 26 34 25 33 24 32 23 31 22 30 22 30 21 30 20 30 18 30 17 30 16 30 15 30 14 30 13 30 12 30 11 30 10 29 9 28 8 28 7 28 6 28 5 28 4 28 3 28 2 28 1 28 0 28 -1 28 -2 28 -3 28 -4 28 -5 28 -6 27 -7 26 -8 25 -9 24 -10 24 -11 23 -12 23 -13 23 -14 23 -15 23 -16 23 -17 23 -18 23 -19 23 -20 22 -21
3 74 2 75 1 76 0 76 -1 76 -2 76 -3 76 -4 76 -5 76 -6 76 -7 76 -8 76 -9 76 -10 76 -11 76 -12 76 -13 76 -14 77 -15 77 -16 77 -17 77 -18 77 -19 77 -20 77 -21 77 -22 77 -23 77 -24 77 -25 77 -26 77 -27 77 -28 77 -29 77 -30 76 -31 76 -32 76 -33 75 -34 74 -35 73 -36 72 -37 71 -38 70 -39 70 -40 70 -41 70 -42 70 -43 70 -44 70 -45 70 -46 70 -47 70 -48 69 -49 68 -50 67 -51 67 -52 67 -53 67 -54 67 -55 67 -56 67 -57 67 -58 67 -59 67 -60 67 -61 67 -62 67 -63 67 -64 67 -65 67 -66 67 -67 67 -68 67 -69 67 -70 67 -71 67 -72 67 -73 67 -74 67 -75 67 -76 67 -77 67 -78 67 -79 67 -80 67 -81 66 -82 65 -83 64 -84 63 -85 62 -86 61 -87 60 -88 59 -89 58 -90 57 -91 56
-84 36 -83 36 -82 36 -81 36 -80 36 -79 36 -78 36 -77 36 -76 36 -75 36 -74 36 -73 37 -72 38 -71 39 -70 40 -70 41 -70 42 -69 43 -68 44 -67 45 -66 46 -65 47 -64 48 -63 49 -62 50 -61 51 -60 52 -59 53 -58 54 -57 55 -56 56 -55 57 -54 58 -53 59 -52 60 -51 61 -50 62 -49 63 -48 64 -47 64 -46 64 -45 64 -44 65 -43 66 -42 67 -41 67 -40 68 -39 68 -38 69 -37 69 -36 70 -35 71 -34 72 -33 73 -32 74 -31 75 -30 76 -29 76 -28 76 -27 76 -26 76 -25 76 -24 76 -23 76 -22 76 -21 77 -20 78
-90 87 -89 88 -89 89 -88 90 -87 91 -86 91 -85 92 -84 92 -83 92 -82 92 -81 92 -80 92 -79 92 -78 92 -77 92 -76 92 -75 92 -74 92 -73 92 -72 92 -71 92 -70 92 -69 92 -68 92 -67 92 -66 92 -65 92 -64 93 -63 93 -62 93 -61 93 -60 93 -58 93 -57 93 -56 93 -55 93 -54 93 -53 93 -52 93 -51 93 -50 93 -49 93 -48 93 -47 93 -46 93 -45 93 -44 93 -43 93 -42 93 -41 93 -39 93 -38 93 -37 93 -36 93 -35 93 -34 93 -33 93 -32 93 -31 93 -30 93 -29 93 -28 93 -27 93 -26 93 -25 93 -24 93 -23 93 -22 93 -21 93 -20 93 -19 93 -18 93 -17 93 -16 93 -15 93 -14 93 -13 93 -12 93 -11 93 -10 93 -9 93 -8 93 -7 93 -6 93 -5 93 -4 93 -3 93 -2 92 -1 92 0 92 1 92 2 91 3 90 4 90 5 90 6 90 7 90 8 90 9 90 10 90 11 90 12 90 13 90 14 90 15 90 16 90 17 90 18 90 19 90 20 90 21 90 22 90 23 90 24 90
-26 62 -27 61 -28 62 -29 63 -30 64 -31 65 -32 66 -33 67 -34 68 -35 69 -36 69 -37 69 -38 69 -39 69 -40 69 -41 69 -42 69 -43 69 -44 69 -45 70 -46 70 -47 70 -47 71 -48 72 -49 73 -50 74 -51 75 -52 76 -53 77 -54 78 -55 79 -56 79 -57 80 -58 80 -59 80 -60 80 -61 80 -62 80 -63 80 -64 81 -65 81 -66 82 -67 83 -68 84
42 46 41 45 40 44 39 44 38 44 37 44 36 44 35 44 34 44 33 44 32 44 31 44 30 44 29 45 28 46 27 47 26 47 25 47 24 47 23 47 22 48 21 48 20 48 19 48 18 48 17 48 16 48 15 48 14 48 13 48 12 48 11 48 10 48 9 48 8 48 7 48 6 49 5 50 4 51 3 52 2 52 1 52 0 52 -1 52 -2 52 -3 52 -4 52 -5 52 -6 52 -7 52 -8 52 -9 52 -10 52 -11 52 -12 52 -13 52 -14 53 -15 53 -16 53 -17 53 -19 53 -20 53 -21 53 -22 52 -23 51 -24 50
-78 32 -78 31 -78 30 -79 29 -79 28 -79 27 -80 26 -80 25 -80 24 -80 23 -80 22 -80 21 -80 20 -80 19 -80 18 -80 17 -80 16 -80 15 -80 14 -80 13 -79 12 -78 11 -78 10 -77 9 -77 8 -77 7 -77 6 -76 5 -75 4 -74 3 -73 2 -72 1 -71 0 -70 -1 -70 -2 -69 -3 -68 -4 -67 -4 -66 -4 -65 -4 -64 -4 -63 -4 -62 -4
-44 68 -45 68 -46 67 -47 66 -48 65 -49 64 -50 63 -50 62 -51 61 -52 60 -53 59 -54 58 -54 57 -54 56 -54 55 -55 54 -56 53 -57 52 -58 51 -59 51 -60 50 -61 49 -62 48 -63 47 -64 46 -65 45 -66 44 -67 43 -67 42 -67 41 -67 40 -68 39 -68 38 -69 37 -70 36 -71 35 -72 34 -73 34 -74 33 -75 32 -76 31 -77 30 -78 29 -79 28 -79 27 -80 26 -80 25 -81 24 -82 23 -83 22 -84 21 -85 20 -86 20 -87 19 -88 18 -89 17 -90 16 -90 15 -90 14 -91 13 -91 12 -91 11 -91 10 -91 9 -92 8 -93 7 -94 6 -94 4 -94 3 -94 2 -94 1 -94 0 -94 -1 -94 -2 -94 -3 -94 -4 -94 -5 -94 -6 -94 -7 -94 -8 -94 -9 -94 -10 -94 -11 -94 -12 -94 -13 -94 -14 -94 -15 -94 -16 -94 -17 -94 -18 -94 -19 -94 -20 -95 -21 -95 -22 -95 -23 -95 -24 -95 -25 -95 -26 -95 -27 -96 -28 -97 -29 -97 -30 -97 -31 -97 -32 -97 -33 -97 -34 -97 -35 -97 -36 -97 -37 -97 -38 -97 -39 -97 -40 -98 -41 -98 -42
-47 95 -47 94 -48 93 -49 92 -50 91 -51 91 -51 90 -51 89 -52 88 -53 87 -54 86 -55 85 -56 84 -57 83 -58 82 -59 82 -60 81 -61 81 -62 80 -63 80 -64 79 -65 78 -66 77 -67 76 -68 75 -69 74 -70 73 -71 72 -71 71 -71 70 -71 69 -71 68 -72 68 -72 67 -72 66 -72 65 -72 64 -72 63 -73 62 -73 61 -74 60 -75 59 -76 58 -77 57 -78 56
-81 -36 -81 -35 -81 -34 -81 -33 -81 -32 -81 -31 -81 -30 -81 -29 -81 -28 -81 -27 -81 -26 -81 -25 -81 -24 -80 -23 -79 -22 -78 -21 -77 -20 -76 -19 -75 -18 -74 -17 -73 -17 -72 -16 -71 -16 -70 -15 -69 -14 -68 -13 -67 -12 -66 -11 -65 -10 -64 -10 -63 -9 -62 -8 -61 -7 -60 -6 -59 -5 -58 -4 -57 -3 -57 -2 -56 -1 -56 0 -55 1 -55 2 -55 3 -54 4 -53 5 -52 6 -52 7 -51 8 -51 9 -50 10 -49 11 -48 12 -47 12 -46 13 -45 13 -44 13 -43 14 -42 14 -41 15 -40 16 -39 17 -38 18 -37 19 -36 20 -35 21 -34 22 -33 23 -33 24 -33 25 -33 26 -32 27 -31 28 -30 29 -29 30 -28 31 -27 32 -26 33 -25 34 -24 34 -23 34 -22 34 -21 34 -20 34 -19 34 -18 34 -17 34 -16 34 -15 34 -14 34 -13 34 -12 35 -11 36 -10 37 -10 38 -9 39 -8 40 -8 41 -8 42 -7 43 -6 44 -6 45 -5 46 -4 47 -3 47
25 99 24 99 23 98 22 97 21 97 20 96 19 95 18 95 17 94 16 93 15 92 14 92 13 91 12 90 11 89 10 88 9 87 8 86 8 85 8 84 8 83 8 82 8 81 8 80 8 79 8 78 8 77 8 76 8 75 8 74 8 73 8 72 8 71 8 70 8 69 8 68 8 67 7 66 6 65 5 64 4 63 3 62 2 61 2 60 1 59 0 58 -1 58 -1 57 -2 56 -3 55 -4 54 -5 53 -6 52 -7 51 -7 50 -8 49 -9 49 -10 48 -11 47 -12 47 -13 46 -14 46 -15 45 -16 44 -17 43 -18 42
-63 -16 -63 -15 -63 -14 -62 -13 -61 -13 -60 -13 -59 -13 -58 -13 -57 -13 -56 -13 -55 -13 -54 -13 -53 -13 -52 -13 -51 -13 -50 -13 -49 -13 -48 -13 -47 -12 -46 -11 -46 -10 -45 -9 -44 -8 -43 -7 -42 -6 -42 -5 -41 -4 -40 -3 -39 -2 -38 -1 -37 -1 -36 0 -35 0 -34 0 -33 0 -32 1 -31 1 -30 2 -29 2 -28 2 -27 2 -26 2 -25 2 -24 2 -23 2 -22 3 -21 4 -20 5 -19 6 -18 6 -17 7 -16 8 -15 9 -14 10 -13 11 -12 11 -11 12 -10 12 -9 12 -8 12 -7 12 -6 12 -5 12 -4 12 -3 12 -2 12 -1 12 0 13 1 14 2 15 3 16 4 17 5 18 6 18 7 19 8 19 9 20 10 21 10 23 10 24
31 96 30 96 29 96 28 96 27 96 26 96 25 96 24 96 23 96 22 96 21 96 20 96 19 96 18 96 17 95 16 94 15 93 14 93 13 92 12 91 11 91 10 90 9 90 8 90 7 89 6 88 5 87 4 86 3 85 2 84 1 83 0 82 -1 81 -2 80 -3 80 -4 79 -5 79 -6 78 -7 77 -8 76 -9 75 -10 74 -11 73 -12 72 -13 71 -14 70 -15 69 -15 68 -15 67 -15 66 -15 65 -16 64 -17 63 -18 62 -19 61 -20 60 -21 59 -22 58 -23 58 -24 58 -25 58 -26 57 -27 56 -28 55 -29 54 -30 53 -31 52 -32 52 -33 51 -34 50 -35 49 -36 48 -37 47 -38 46 -39 45 -40 44 -41 43 -42 42 -43 41 -44 40 -45 39 -46 38 -47 37 -48 36 -49 35 -49 34 -49 33 -49 32 -49 31 -49 30 -49 29 -49 28 -49 27 -49 26 -50 25 -50 24 -50 23 -50 22 -50 21 -50 20 -50 19 -50 18 -50 17 -50 16 -50 15 -50 14 -50 13 -51 12 -51 11 -52 10 -53 9 -53 8 -54 7 -54 6 -54 5 -54 4 -54 3 -54 2 -54 1 -55 0 -56 -1 -57 -2 -58 -3 -58 -4 -59 -5 -60 -6 -61 -7 -62 -8 -63 -9 -64 -10 -65 -11 -66 -12 -67 -13 -67 -14 -68 -14 -69 -15 -70 -16 -71 -17 -72 -18 -73 -19 -74 -19 -75 -20 -76 -21 -77 -22
-57 62 -56 62 -55 62 -54 63 -53 64 -52 65 -51 66 -50 67 -49 67 -48 67 -47 68 -46 68 -45 68 -44 68 -43 68 -42 68 -41 68 -40 68 -39 68 -38 68 -37 68 -36 68 -35 67 -34 67 -33 66 -32 65 -31 64 -30 63 -29 62 -28 61 -27 62 -26 63
-21 -21 -21 -20 -21 -19 -21 -18 -21 -17 -21 -16 -21 -15 -21 -14 -21 -13 -21 -12 -21 -11 -21 -10 -21 -9 -22 -8 -22 -7 -23 -6 -24 -5 -25 -4 -26 -3 -27 -2 -28 -1 -29 0 -30 0 -31 0 -32 0 -33 0 -34 1 -35 2 -36 2 -37 2 -38 3 -39 4 -40 5 -41 6 -42 7 -43 8 -44 9 -45 10 -46 11 -47 12 -48 12 -49 12 -50 13 -51 14 -52 15 -53 16 -54 17 -55 18 -56 19 -57 20 -58 21 -59 22 -60 23 -61 24 -61 25 -61 26 -61 27 -61 28 -61 29 -62 30 -63 31 -64 32 -65 33 -66 34 -67 35 -67 36 -67 37 -67 38 -67 39 -67 40 -67 41 -67 42 -67 43 -67 44 -67 45 -67 46 -67 47 -67 48 -67 49 -67 50 -67 51 -67 52 -67 53 -67 54 -67 55 -68 56 -69 57 -70 58 -71 59 -72 60 -72 61 -72 62 -72 63 -73 64 -74 65 -75 66 -76 67 -77 68 -78 69 -79 69 -80 69 -81 70 -82 71 -83 72 -84 73 -85 74 -86 75 -87 76 -88 77 -89 78 -90 79 -90 80 -91 81 -91 82 -92 83 -93 84
-14 68 -15 68 -16 69 -17 70 -18 71 -19 72 -20 73 -21 74 -22 75 -23 75 -25 75 -26 75 -27 75 -28 75 -29 75 -30 75 -31 74 -32 73 -33 72 -34 71 -35 70 -36 69 -37 69 -38 69 -39 69 -40 69 -41 69 -42 69 -43 69 -44 69 -45 69 -46 69 -47 69 -48 69 -49 68 -50 67 -51 67 -52 67 -53 67 -54 67 -55 67 -56 67 -57 67 -58 67 -59 67 -60 67 -61 67 -62 67 -63 67 -64 67 -65 67 -66 67 -67 67 -68 67 -69 67 -70 67 -71 67 -72 67 -73 67 -74 67 -75 67 -76 67 -77 67 -78 67 -79 67 -80 67 -81 66 -82 65 -83 64 -84 63 -85 62 -86 61 -87 60 -88 59 -89 58 -90 57 -91 56 -92 57 -93 58 -94 59 -95 60 -96 60 -97 61 -98 62 -99 63
16 -36 15 -35 14 -34 13 -33 12 -32 12 -31 12 -30 11 -30 10 -30 9 -30 8 -30 7 -29 6 -29 5 -28 4 -28 3 -27 2 -26 1 -25 0 -24 -1 -23 -1 -22 -1 -21 -1 -20 -1 -19 -1 -18 -1 -17 -1 -16 -2 -15 -3 -14 -4 -13 -5 -12 -6 -11 -7 -10 -8 -9 -9 -8 -10 -7 -11 -6 -12 -5 -13 -5 -14 -5 -15 -4 -16 -3 -17 -2 -18 -1 -19 0 -20 1 -21 2 -22 3 -22 4 -22 5 -22 6 -22 7 -22 8 -23 9 -24 10 -25 11 -26 12 -27 13 -28 14 -29 15 -30 16 -31 17 -31 18 -32 19 -32 20 -32 21 -32 22 -32 23 -32 24 -32 25 -32 26 -32 27 -32 28 -32 29 -32 30 -32 31 -32 32 -32 33 -32 34 -32 35 -33 36 -34 37 -35 38 -36 39 -37 40 -38 41 -38 42 -39 43 -40 44 -41 45 -42 46 -43 47 -44 47 -45 47
-15 65 -15 64 -15 63 -16 62 -16 61 -17 60 -18 59 -19 58 -20 57 -21 56 -22 55 -23 54 -24 53 -24 52 -24 51 -24 50 -24 49 -24 48 -24 47 -24 46 -24 45 -24 44 -24 43 -24 42 -24 41 -24 40 -24 39 -24 38 -24 37 -24 36 -25 35 -25 34 -25 33 -25 32 -25 31 -25 30 -25 29 -25 27 -25 25 -25 24 -25 23 -25 22 -25 21 -25 20 -25 19 -25 18 -25 17 -25 16 -25 15 -24 14 -24 13 -23 12 -23 11 -23 10 -23 9 -23 8 -23 7 -23 6 -23 5 -23 4 -23 3 -23 2 -23 1 -23 0 -23 -1 -23 -2 -23 -3 -23 -4 -23 -5 -23 -6 -23 -7 -23 -8 -23 -9 -23 -10 -23 -11 -23 -12 -23 -13 -23 -14 -23 -15 -23 -16 -23 -17 -23 -18 -23 -19 -24 -20 -25 -21 -26 -22 -26 -23 -27 -24 -28 -25 -29 -26 -29 -27 -30 -28 -31 -29 -31 -30 -31 -31 -31 -32 -31 -33 -31 -34 -32 -35 -33 -36 -34 -37 -35 -38 -36 -39 -37 -40 -38 -40 -39 -41 -40 -42 -41 -43 -42 -44 -43 -45 -44 -46
12 90 11 89 10 88 9 87 8 86 7 85 6 84 6 83 5 82 4 81 3 80 2 79 1 78 0 78 -1 78 -2 77 -3 77 -4 76 -5 76 -6 76 -7 75 -8 74 -9 73 -10 72 -11 71 -12 70 -12 69 -13 68 -13 67 -13 66 -14 65 -15 64 -16 63 -17 62 -18 61 -19 60 -20 59 -21 58 -22 57 -23 57 -24 57 -25 56 -26 55 -27 54 -28 53 -29 53 -30 53 -31 52 -32 52 -33 51
1 39 1 38 1 37 2 37 3 37 4 37 5 36 6 35 7 35 8 35 9 34 10 33 11 33 12 32 13 31 14 30 15 29 16 28 16 27 16 26 16 25 16 24 16 23 16 22 16 21 16 20 16 19 17 19 17 18 17 17 18 17 19 17 20 17 21 17 22 17 23 16 24 15 25 14 26 13 27 12 28 11 28 10 28 9 28 8 28 7 28 6 28 5 29 4 30 3
-50 8 -50 9 -50 10 -50 11 -50 12 -50 13 -50 14 -50 15 -50 16 -50 17 -50 18 -50 19 -50 20 -50 21 -50 22 -50 23 -50 24 -50 25 -50 26 -50 27 -50 29 -50 30 -51 31 -51 32 -51 33 -51 34 -51 35 -51 36 -51 37 -51 38 -51 39 -51 40 -51 41 -51 42 -51 43 -51 44 -51 45 -51 46 -51 47 -51 48 -52 49 -53 50 -54 51 -54 52 -54 53 -54 54 -54 55 -54 56 -54 57 -54 58 -54 59 -54 60 -54 61 -53 62 -52 63 -51 64 -50 65 -50 66 -50 67 -50 68 -50 69 -50 70 -50 71 -50 72 -50 73 -50 74 -50 75 -50 76 -50 77 -50 78 -50 79 -50 80 -50 81 -50 82 -50 83 -50 84 -50 85 -50 86 -50 87 -50 88 -50 89 -50 90 -50 91 -49 92 -48 93 -49 94 -48 95
22 54 22 53 22 52 22 51 22 50 22 49 22 48 22 47 22 46 22 45 22 44 22 43 22 42 22 41 22 40 22 39 22 38 22 37 22 36 22 35 22 34 22 33 22 32 22 31 22 30 22 29 22 28 22 27 22 26 22 25 22 24 22 23 22 22 22 21 22 20 22 19 22 18 23 17 24 16 25 15 26 14 27 13 27 11 27 10 27 9 27 8 27 7 27 6 27 5 27 4 27 3 27 2 27 1 27 0 27 -1 27 -2 27 -3 27 -5 27 -6 27 -7 27 -8 27 -9 27 -10 26 -11 26 -12 26 -13 26 -14 26 -15 26 -16 26 -17 26 -18 26 -19 26 -20 26 -21 26 -22 27 -23 27 -24 27 -25 28 -26 28 -27 28 -28 28 -29 28 -30 28 -31 28 -32 28 -33 28 -34 28 -35 28 -36
-65 35 -65 36 -65 37 -65 38 -65 39 -65 40 -65 41 -65 42 -65 43 -65 44 -65 45 -65 46 -65 47 -65 48 -65 49 -65 50 -65 51 -65 52 -65 53 -66 54 -67 55 -68 56 -68 57 -68 58 -68 59 -68 60 -68 61 -68 62 -69 63 -69 64 -69 65 -69 66 -69 67 -69 68 -69 69 -69 70 -69 71 -69 72 -69 73 -69 74 -69 75 -69 76 -68 77 -67 78 -67 79 -67 80 -67 81 -67 82 -67 83 -67 84 -67 85 -67 86 -67 87 -67 88 -68 89 -69 90 -70 91 -71 92 -72 93 -71 94 -70 95 -71 96 -70 97 -71 98
34 21 34 20 34 19 34 18 33 17 33 16 33 15 33 14 33 13 33 12 32 11 32 10 31 9 31 8 30 7 30 6 30 5 30 4 30 3 30 2 30 1 30 0 30 -1 30 -2 30 -3 30 -4 30 -5 30 -6 30 -7 30 -8 30 -9 30 -10 30 -12 30 -13 30 -14 30 -15 31 -16 32 -17 33 -18 33 -19 33 -20 33 -21 33 -22 33 -23 33 -24 33 -25 33 -26 33 -27 33 -28 33 -29 33 -30 33 -31 33 -32 33 -33 33 -34 33 -35 33 -36 33 -37 33 -38 33 -39 33 -40 33 -41 32 -42 31 -43 30 -44 31 -45 30 -46 31 -47 30 -48
-2 -16 -3 -17 -4 -18 -5 -19 -6 -20 -7 -20 -8 -20 -9 -21 -10 -22 -11 -23 -12 -23 -13 -24 -14 -24 -15 -24 -16 -24 -17 -24 -18 -24 -19 -24 -20 -24 -21 -24 -22 -24 -23 -24 -24 -24 -25 -24 -26 -24 -27 -24 -28 -24 -29 -24 -30 -24 -31 -24 -32 -24 -33 -24 -34 -23 -35 -23 -36 -22 -38 -22 -39 -21 -40 -20 -41 -19 -42 -18 -43 -17 -44 -16
-90 89 -90 88 -89 87 -89 86 -88 85 -87 84 -86 83 -86 82 -86 81 -86 80 -85 79 -84 78 -83 77 -82 76 -81 75 -80 74 -79 73 -78 72 -78 71 -77 70 -76 70 -75 69 -74 68 -73 67 -72 66 -71 65 -70 65 -69 64 -68 63 -67 63 -66 63 -65 63 -64 63 -63 63 -62 63 -61 63 -60 63 -59 63 -58 62 -57 61 -57 60 -56 59 -55 58 -55 57 -55 56 -54 55 -53 54 -52 53 -51 52 -50 51 -49 50 -48 50 -47 50 -46 50 -45 50 -44 50 -43 50 -42 50 -41 50 -40 50 -39 50 -38 50 -37 50 -36 50 -35 50 -34 50 -33 50 -32 50 -31 50 -30 50 -29 49 -28 48 -27 47 -26 46 -25 45 -24 44 -23 43 -22 42 -22 41 -21 40 -20 39 -19 38 -18 37 -17 36 -16 35 -15 35 -14 35
-19 78 -18 78 -17 78 -16 78 -15 77 -14 76 -13 75 -12 74 -12 73 -12 72 -12 71 -12 70 -12 69 -12 68 -12 67 -12 66 -11 65 -10 64 -9 63 -8 62 -7 61 -6 60 -5 59 -4 59 -3 59 -2 58 -1 58 -1 57 -1 56 0 55 1 54 2 53 3 52 4 51 5 50 6 49 7 48 8 48 9 48 10 47 11 46 12 46 13 45 14 45
-18 -24 -19 -23 -19 -22 -19 -21 -19 -20 -19 -19 -19 -18 -19 -17 -19 -16 -19 -15 -19 -14 -19 -13 -19 -12 -19 -11 -18 -10 -18 -9 -18 -8 -18 -7 -18 -6 -18 -5 -18 -4 -18 -3 -18 -2 -18 -1 -18 0 -18 1 -18 2 -18 3 -18 4 -18 5 -17 6 -16 7 -15 8 -14 9 -13 10 -12 11 -11 12 -10 12 -10 13 -10 14 -10 15 -10 16 -10 17 -10 18 -10 19 -10 20 -9 21 -9 22 -8 23 -7 24 -6 25 -6 26 -5 27 -4 28 -3 29 -3 30 -2 31 -1 32 0 33 1 34 2 35 3 36 4 36 5 36 6 36 7 36 7 37 8 38 9 39
29 -14 28 -13 27 -12 26 -12 25 -12 24 -12 23 -12 22 -12 21 -11 20 -10 19 -9 18 -8 17 -7 16 -6 15 -5 14 -5 13 -4 12 -3 11 -2 10 -1 10 0 9 1 8 2 7 3 6 4 5 4 4 4 3 4 2 4 1 4 1 5 1 6 0 7 -1 8 -2 9 -3 10 -4 11 -5 11 -6 11 -7 11 -8 11 -9 11 -10 11 -11 11 -12 11 -13 11 -14 11 -15 11 -16 11 -17 11 -18 11 -19 11 -20 11 -21 11 -22 12 -23 13 -24 13 -25 14 -26 15 -27 15 -28 15 -29 15 -30 15 -31 15 -32 15 -33 15 -34 15 -35 15 -36 15 -37 15 -38 15 -39 15 -40 15 -41 15 -42 15 -43 15 -44 16 -45 16 -46 16 -47 17 -48 18 -49 19 -50 20 -51 21 -52 22 -53 22 -54 23 -55 24 -56 25 -57 26 -58 27 -59 28 -59 29 -60 30 -61 31 -62 32 -63 33 -64 34 -65 35 -65 36 -65 37 -65 38 -65 39 -65 40 -65 41 -65 42 -65 43 -65 44 -65 45 -65 46 -65 47 -65 48 -65 49 -65 50 -65 51 -65 52 -65 53 -66 54 -67 55 -68 56 -69 57 -70 58 -71 59 -72 60 -72 61 -72 62 -72 63 -73 64 -74 65 -75 66 -76 67 -77 68 -78 69 -79 69 -80 69 -81 70 -82 71 -83 72 -84 73 -85 74 -86 75 -87 76 -88 77 -89 78 -90 79 -90 80 -91 81 -91 82 -91 83 -92 84 -92 85 -92 86 -92 87 -92 88 -92 89 -93 90 -94 91 -94 92 -94 93 -94 94 -95 95
-96 -43 -95 -43 -94 -43 -93 -43 -92 -43 -91 -43 -90 -43 -89 -43 -88 -43 -87 -43 -86 -43 -85 -42 -84 -41 -83 -40 -82 -39 -81 -38 -80 -37 -79 -37 -78 -37 -77 -37 -76 -37 -75 -37 -74 -37 -73 -37 -72 -36 -72 -35
-72 68 -73 68 -74 69 -75 69 -76 69 -77 69 -78 69 -79 69 -80 69 -81 69 -82 69 -83 68 -84 67 -85 66 -86 65 -87 64 -88 63 -89 62 -90 61 -91 60 -92 61 -93 62 -94 63 -95 64 -96 63
-3 3 -2 4 -2 6 -2 7 -2 8 -3 9 -4 10 -5 11 -6 12 -7 13 -8 14 -8 15 -8 16 -8 17 -8 18 -8 19 -8 20 -8 21 -7 22 -7 23 -7 24 -6 25 -6 26 -5 27 -4 28 -3 29 -3 30 -2 31 -1 32 0 33 1 34 2 35 3 36 4 37 4 38 4 39 4 40 4 41 4 42 4 43 4 44 4 45 4 46 4 47 4 48 4 49 4 50 4 51 4 52 4 53 4 54 4 55 4 56 4 57 4 58 4 59 4 60 5 61 5 62 5 63 5 64 5 65 5 66 5 67 5 68 5 69 5 70 5 71 5 72 5 73 5 74 5 75 5 76 4 77 3 78 3 79 3 80 3 81 3 82 3 83 3 84 3 85 3 86 3 87 3 88 2 89 1 90 0 91 -1 92 -2 92 -3 93 -4 94 -5 95 -6 95
28 -4 29 -4 30 -4 31 -5 32 -5 33 -5 34 -5 35 -5 36 -5 37 -5 38 -5 39 -5 40 -4 41 -4 42 -3 43 -3 43 -1
-18 -4 -17 -5 -16 -5 -15 -5 -14 -5 -13 -5 -12 -5 -11 -5 -10 -5 -9 -5 -8 -5 -7 -5 -6 -4 -5 -3 -4 -2 -3 -1 -2 0 -1 1 0 2 1 3 2 4 3 5 4 5 5 5 6 5 7 6 8 6 9 7 10 8 11 9 12 10 13 11 14 11 15 12 16 13 17 13 18 14 18 15 19 16 20 17 21 18 22 19 23 20 24 21 25 22 26 23 27 23
-14 95 -13 95 -12 95 -11 95 -10 95 -9 95 -8 95 -7 94 -6 94 -5 93 -4 92 -3 91 -2 90 -1 89 0 88 1 87 2 86 2 85 2 84 2 83 2 82 2 81 2 80 2 79 3 78 4 77 5 76 5 75 6 74 6 73 7 72 8 71 8 70 8 69 8 68 8 67 8 66 8 65 8 64 8 63 8 62 8 61 9 60 10 59 11 58 12 57 13 56 14 55 15 54 16 53 17 52 18 51 19 50 20 49 21 48 22 47 22 46 22 45 22 44 22 43 22 42 22 41 22 40 22 39 22 38 22 37 22 36 22 35 22 34 22 33 22 32 22 31 22 30 22 29 22 28 22 27 22 26 22 25 22 24 22 23 22 22 22 21 22 20 22 19 22 18 23 17 24 16 25 15 26 14 27 13 28 12 28 11 28 10 28 9 28 8 28 7 28 6 28 5 28 4 28 3 28 2 28 1 28 0 28 -1 29 -2 30 -3 31 -4 32 -5 33 -6 34 -7 35 -7 36 -8 37 -9 38 -10 39 -11 40 -12 41 -13 41 -14 42 -15
13 77 12 78 11 79 10 80 9 81 8 82 7 83 6 84 6 85 5 86 4 87 3 88 2 89 1 90 0 91 -1 92 -2 92 -3 93 -4 94 -5 95 -6 95 -7 95 -8 95 -9 95 -10 95 -11 95 -12 95 -13 95 -14 95 -15 95 -16 95 -17 95 -18 95 -19 95 -20 95 -21 95 -22 95 -23 95 -24 95 -25 95 -26 95 -27 95 -28 95 -29 95 -30 95 -31 96 -32 97 -33 98 -34 99 -35 99 -36 99 -37 99 -38 99 -39 99 -40 99 -41 99 -42 99 -43 99 -44 99 -45 99 -46 99 -47 99 -48 99 -49 99 -50 99 -51 99 -52 99 -53 99 -54 99 -55 99 -56 99 -57 99 -58 99 -59 99 -60 99 -61 99 -62 99 -63 99 -64 99 -65 99 -66 99
18 -46 17 -46 16 -45 15 -45 14 -45 13 -45 12 -45 11 -45 10 -45 9 -45 8 -45 7 -45 6 -45 5 -45 4 -45 3 -44 2 -44 1 -43 0 -42 -1 -41 -2 -40 -3 -39 -4 -38 -5 -37 -5 -36 -6 -35 -7 -35 -8 -34 -9 -33 -10 -32 -11 -31 -12 -30 -13 -30 -14 -30 -15 -29 -16 -28 -17 -28 -18 -27 -19 -27 -20 -26 -21 -26 -22 -25 -23 -24 -24 -24 -25 -24 -26 -24 -27 -24 -28 -24 -29 -24 -30 -24 -31 -24 -32 -24 -33 -24 -34 -23 -35 -22 -36 -21 -37 -20 -38 -19 -39 -18 -40 -17 -41 -16 -41 -15 -41 -14 -41 -13 -41 -12 -41 -11 -41 -10 -41 -9 -41 -8 -41 -7 -41 -6 -41 -5 -41 -4 -41 -3 -41 -2 -41 -1 -41 0 -41 1 -41 2 -41 3 -41 4 -41 5 -41 6 -42 7 -43 8 -44 9 -45 10 -46 11 -47 12 -48 12 -49 12 -50 13 -51 14 -52 15 -53 16 -54 17 -55 18 -56 19 -57 20 -58 21 -59 21 -60 22 -61 23 -62 24 -62 25 -62 26 -63 27 -64 28 -65 29 -66 30 -67 31 -68 32 -69 32 -70 32 -71 32 -72 32 -73 32 -74 32 -75 32 -76 33 -77 33 -78 34 -79 35 -80 36 -81 37 -82 38 -83 38 -84 39 -85 40 -86 40 -87 41 -88 42 -89 43 -89 44 -89 45 -90 46 -90 47
-51 51 -50 51 -49 51 -48 51 -47 51 -46 51 -45 51 -44 51 -43 51 -42 51 -41 51 -40 51 -39 51 -38 51 -37 51 -36 52 -35 52 -34 52 -33 52 -32 52 -31 52 -30 52 -29 52 -28 52 -27 52 -26 53 -25 53 -24 53 -23 53 -22 53 -21 53 -19 53 -18 53 -17 53 -16 53 -15 53 -14 52 -13 52 -12 52 -11 52 -10 52 -9 52 -8 52 -7 52 -6 52 -5 52 -4 52 -3 52 -2 52 -1 52 0 52 1 52 2 52 3 52 4 51 5 50 6 49 7 49 8 49 9 49 10 49 11 49 12 49 13 49 14 49 15 49 16 49 17 49 18 49 19 49 20 49 21 48 22 47 23 47 24 47 25 47 26 47 27 47 28 46 29 45 30 44 31 44 32 44 33 44 34 44 35 44 36 44 37 44 38 44 39 44 40 44 41 45 42 46 43 45 44 46 45 45
-5 -30 -5 -29 -5 -28 -5 -27 -5 -26 -5 -25 -5 -24 -5 -23 -5 -22 -4 -21 -4 -20 -3 -19 -3 -18 -3 -17 -3 -16 -3 -15 -3 -14 -3 -13 -3 -12 -3 -11 -3 -10 -3 -9 -3 -8 -3 -7 -3 -6 -3 -5 -3 -4 -3 -3 -2 -2 -2 -1 -1 0 0 1 1 2 2 3 3 4 4 5 5 5 6 5 7 6 8 6 9 7 10 8 11 9 12 10 13 11 14 11 15 12 16 13 17 13 18 14 18 15 19 16 20 17 21 18 22 19 23 20 24 21 25 22 26 22 27 22 28 22 29 22 30 22 31 23 32 23 33 24 34 25 35 26 36 27 37 28 38 28 39 28 40 28 41 28 42 28 42 29 42 30 42 31 43 32
-84 21 -85 21 -86 21 -87 21 -88 22 -89 21 -90 20 -91 19 -92 20 -93 19 -94 20 -95 19 -96 18 -97 17
-52 45 -52 44 -52 43 -51 42 -51 41 -51 40 -51 39 -51 38 -51 37 -51 36 -51 35 -51 34 -51 33 -51 32 -50 31 -50 30 -50 29 -50 28 -50 27 -50 26 -50 25 -50 24 -50 23 -50 22 -50 21 -50 20 -50 19 -50 18 -50 17 -50 16 -50 15 -50 14 -50 13 -49 12 -48 11 -47 10 -46 9 -45 8 -44 7 -43 6 -42 5 -41 4 -41 3 -41 2 -41 1 -41 0 -41 -1 -41 -2 -41 -3 -41 -4 -41 -5 -41 -6 -41 -7 -41 -8 -41 -9 -41 -10 -41 -11 -41 -12 -41 -13 -41 -14 -41 -15 -41 -16 -40 -17 -40 -18 -40 -19 -39 -20 -38 -21 -37 -22 -36 -23 -35 -24 -34 -25 -33 -25 -33 -26 -33 -27 -33 -28 -33 -29 -33 -30 -33 -31 -33 -32 -33 -33 -33 -34 -33 -35 -33 -36
15 24 16 25 16 26 16 27 16 28 15 29 14 30 13 31 12 32 11 33 10 34 9 35 8 36 7 36 6 37 6 38 6 39 6 40 6 41 6 42 6 43 6 44 6 45 6 46 6 47 6 48 5 49 5 50 4 51 3 52 2 52 1 53 0 53 -1 53 -2 53 -2 54 -2 55 -3 56 -4 57 -5 58 -6 59 -7 60 -8 61 -9 62 -10 62 -11 63 -11 64 -12 65 -12 66 -12 67 -12 68 -12 69 -12 70 -12 71 -12 72 -12 73 -12 74 -13 75 -14 76 -15 77 -16 78 -17 79 -18 80 -19 81 -20 82 -20 83 -21 84 -22 85 -23 86 -24 87 -25 88 -26 89 -27 90 -28 90 -29 90 -30 90 -31 90 -32 91 -33 92 -34 93 -35 94 -36 95 -37 95 -38 95 -39 95 -40 95 -41 95 -42 95 -43 95 -44 95 -45 95 -46 95 -47 95 -48 95 -49 95 -50 95 -51 95 -52 95 -53 95 -54 96 -55 96 -56 96 -57 96 -58 96 -59 96 -60 96 -61 96 -62 96 -63 96 -64 96 -65 96 -66 96 -67 96 -68 96 -69 96 -70 96 -71 96
12 74 13 73 14 73 15 73 16 73 17 73 18 73 19 73 20 73 21 73 22 72 23 71 24 71 25 70 26 69 27 68 28 68
-26 86 -27 85 -28 84 -29 83 -30 82 -30 81 -30 80 -31 79 -31 78 -32 77 -32 76 -32 75 -32 74 -32 73 -32 72 -32 71 -32 70 -32 69 -31 68 -31 67 -31 66 -31 65 -31 63 -31 62 -31 61 -31 60 -31 59 -31 58 -31 57 -31 56 -32 55 -33 54 -34 53 -35 52 -36 51 -36 50 -36 49 -36 48 -36 47 -36 46 -36 45 -36 44 -36 43 -36 42 -36 41 -35 40 -34 39 -33 38 -32 37 -32 36 -32 35 -32 34 -32 33 -32 32 -32 31 -32 30 -32 29 -32 28 -32 27 -32 26 -32 25 -32 24 -32 23 -32 22 -32 21 -32 20 -31 19 -31 18 -30 17 -29 16 -28 15 -27 14 -26 13 -25 12 -24 11 -23 10 -23 9 -23 8 -23 7 -23 6 -23 5 -23 4 -23 3 -23 2 -23 1 -23 0 -23 -1 -23 -2 -23 -3 -23 -4 -23 -5 -23 -6 -23 -7 -23 -8 -23 -9 -23 -10 -23 -11 -23 -12 -23 -13 -23 -14 -23 -15 -23 -16 -23 -17 -23 -18 -23 -19 -24 -20 -25 -21 -26 -22 -26 -23 -27 -24 -28 -25 -29 -26 -29 -27 -30 -28 -31 -29 -31 -30 -32 -31 -33 -32 -33 -33 -33 -34 -34 -35 -35 -36 -36 -37 -37 -38 -38 -39
-65 95 -64 95 -63 95 -62 95 -61 95 -60 95 -59 95 -58 95 -57 95 -56 95 -55 95 -54 95 -53 95 -52 95 -51 95 -50 95 -49 95 -48 95 -47 95 -46 95 -45 95 -44 95 -43 95 -42 95 -41 95 -40 95 -39 95 -38 95 -37 95 -36 95 -35 94 -34 93 -33 92 -32 91 -31 91 -30 91 -29 91 -28 91 -27 91 -26 91 -25 91 -24 91 -23 90 -22 89 -21 88 -20 87 -19 86 -18 85 -17 84 -16 83 -15 82 -14 81 -13 80 -12 79 -11 78 -10 77 -9 77 -8 77 -7 77 -6 77 -5 77 -4 77 -3 77 -2 77 -1 77 0 77 1 77 2 76 3 75 4 75 5 74 6 73 7 72 8 71 9 70 9 69 9 68 9 67 9 66 10 65 11 64 12 63 13 62 14 61 15 60
-86 31 -85 32 -84 32 -83 32 -82 32 -81 32 -80 32 -79 32 -78 32 -77 32 -76 32 -75 32 -74 32 -73 32 -72 32 -71 32 -70 32 -69 32 -68 32 -67 32 -66 31 -65 30 -64 29 -63 28 -62 27 -61 26 -60 25 -60 24 -59 23 -58 23 -57 22 -56 21 -55 20 -54 19 -53 18 -52 17 -52 16 -51 15 -50 14 -50 13 -49 12 -48 11 -47 10 -46 9 -45 8 -44 7 -43 6 -42 5 -41 4 -41 3 -41 2 -41 1 -41 0 -41 -1 -41 -2 -41 -3 -41 -4 -41 -5 -41 -6 -41 -7 -41 -8 -41 -9 -41 -10 -41 -11 -41 -12 -41 -13 -41 -14 -41 -15 -41 -16 -40 -17 -39 -18 -38 -19 -37 -20 -36 -21 -35 -22 -34 -23 -33 -23 -32 -24 -31 -24 -30 -24 -29 -24 -28 -24 -27 -24 -26 -25 -25 -26 -24 -27 -23 -28 -23 -29 -23 -30 -23 -31 -23 -32 -23 -33
-5 -12 -5 -11 -5 -10 -5 -9 -5 -8 -5 -7 -5 -6 -5 -5 -5 -4 -5 -3 -5 -2 -5 -1 -5 0 -5 1 -4 2 -3 3 -2 4 -2 6 -2 7 -3 8 -4 9 -5 10 -6 11 -7 11 -8 12 -9 13 -10 14 -11 15 -11 16 -11 17 -11 18 -11 19 -11 20 -11 21 -11 22 -11 23 -11 24 -11 25 -11 26 -12 27 -13 28 -14 29 -15 30 -16 31 -17 32 -18 33 -19 34 -20 35
21 64 21 63 21 62 21 61 20 60 20 59 19 58 18 57 18 56 18 55 18 54 18 53 18 52 17 52 16 52 15 51 14 51 13 50 12 50 11 49 10 48 9 48 8 48 7 47 7 46 6 45 6 44 6 43 5 42 5 41 5 40 5 39 4 38 3 37 2 36 1 35 1 34 1 33 0 32 -1 31 -2 30 -3 29 -4 28 -5 27 -6 26 -6 25 -7 24 -8 23 -8 22 -9 21 -9 20 -10 19 -10 18 -10 17 -10 16 -10 15 -10 14 -10 13 -11 12 -12 11 -13 10 -14 9 -15 8 -16 7 -17 6 -17 5 -17 4 -17 3 -17 2 -17 1 -17 0 -17 -1 -17 -2 -17 -3 -17 -4 -17 -5 -17 -6 -17 -7 -17 -8 -17 -9 -17 -10
-29 -34 -30 -33 -30 -32 -30 -31 -30 -30 -30 -29 -30 -28 -30 -27 -30 -26 -30 -25 -31 -25 -32 -25 -33 -24 -34 -23 -35 -22 -36 -21 -37 -20 -38 -19 -39 -18 -40 -17 -41 -16 -41 -15 -41 -14 -41 -13 -41 -12 -41 -11 -41 -10 -41 -9 -41 -8 -41 -7 -41 -6 -41 -5 -41 -4 -41 -3 -41 -2 -41 -1 -41 0 -41 1 -41 2 -41 3 -41 4 -41 5 -41 6 -42 7 -43 8 -44 9 -45 10 -46 11 -47 12 -48 12 -49 12 -50 13 -51 14 -52 15 -53 16 -54 17 -55 18 -56 19 -57 20 -58 21 -59 22 -60 23 -60 24 -60 25 -60 26 -60 27 -60 28 -60 29 -60 30 -61 31 -62 32 -63 33 -64 34 -64 35
-78 -3 -78 -2 -78 -1 -78 0 -78 1 -78 2 -78 3 -78 4 -78 5 -78 6 -78 7 -78 8 -78 9 -79 10 -79 11 -79 12 -79 13 -79 14 -79 15 -79 16 -79 17 -79 18 -79 19 -79 20 -79 21 -78 22 -77 23 -76 24 -76 25 -76 26 -76 27 -76 28 -75 29 -74 30 -73 31 -72 32 -71 33 -70 34 -69 34 -68 35 -68 36 -68 37 -68 38 -68 39 -68 40 -68 41 -68 42 -68 43 -68 44 -68 45 -68 46 -68 47 -68 48 -68 49 -68 50 -68 51 -68 52 -68 53 -68 54 -68 55 -68 56 -68 57 -68 58 -68 59 -68 60 -68 61 -68 62 -69 63 -69 64 -69 65 -69 66 -69 67 -69 68 -69 69 -69 70 -69 71 -69 72 -69 73 -68 74 -67 75 -66 76 -65 77 -65 78 -64 79 -63 80 -62 81 -61 82 -60 82 -59 82 -58 83 -57 83 -56 84
36 -7 35 -7 34 -6 33 -6 32 -5 31 -4 30 -3 29 -2 28 -1 27 0 26 0 25 0 24 0 23 0 22 0 21 0 20 0 19 0 18 1 17 2 16 2 14 2 13 2 12 2 11 3 10 4 9 5 9 6
-23 2 -22 1 -22 0 -21 -1 -20 -2 -19 -3 -18 -3 -17 -4 -16 -4 -15 -5 -14 -6 -13 -6 -12 -7 -11 -7 -10 -7 -9 -7 -8 -7 -7 -7 -6 -8 -5 -9 -4 -10 -3 -11 -2 -12 -1 -13 0 -14 1 -14 2 -15 3 -15 4 -16 5 -17 6 -18 7 -19 8 -20 9 -21 10 -22 11 -22 12 -22 13 -22 13 -23 13 -24 13 -25 14 -25 15 -25 16 -25 17 -25 18 -25 19 -26 20 -27 21 -28 22 -28
-11 -10 -11 -9 -10 -8 -9 -7 -8 -6 -7 -5 -6 -4 -5 -3 -4 -2 -3 -1 -2 0 -1 1 0 2 1 3 1 4 2 5 3 6 4 7 5 8 6 8 7 9
-62 -30 -61 -29 -60 -28 -59 -28 -58 -27 -57 -27 -56 -27 -55 -27 -54 -27 -54 -26 -54 -25 -53 -25 -52 -25 -51 -25 -50 -24 -49 -23 -48 -22 -47 -21 -46 -20 -46 -18 -46 -17 -46 -16 -46 -15 -46 -14 -45 -13 -44 -12 -44 -11 -43 -10 -42 -9 -41 -8 -41 -7 -40 -6 -39 -5 -38 -4 -37 -3 -36 -2 -35 -1 -34 0 -33 0 -32 1 -31 1 -30 2 -29 3 -28 3 -27 3 -26 3 -25 3 -25 4 -24 5 -23 6 -22 7 -21 8 -21 9 -20 10 -19 11 -19 12 -18 13 -17 14 -16 15 -15 16 -14 17 -14 18 -13 19 -13 20 -13 21 -13 22 -12 23 -12 24 -11 25 -11 26 -11 27 -11 28 -10 29 -10 30 -9 31 -8 32 -7 33 -6 34 -6 35 -5 36 -5 37 -5 38 -5 39 -5 40 -5 41 -5 42 -5 43 -4 44 -3 45
-65 68 -66 67 -67 66 -68 66 -69 66 -69 65 -69 64 -69 63 -69 62 -69 61 -69 60
-96 24 -96 25 -96 26 -96 27 -95 28 -94 29 -94 30 -93 30 -92 31 -91 32 -90 33 -89 34 -88 35 -87 36 -86 36 -85 36 -84 36 -83 36 -82 36 -81 36 -80 36 -79 36 -78 36 -77 36 -76 36 -75 36 -74 36 -73 36 -72 37 -71 38 -70 39 -69 40 -68 41 -67 42 -66 43 -65 43 -64 44 -63 45 -62 46 -61 47 -60 48 -59 49 -58 50 -57 50 -56 50 -55 50 -54 50 -53 50 -52 50 -51 50 -50 50 -49 50 -48 50 -47 50 -46 50 -45 50 -44 50 -43 50 -42 50 -41 50 -40 50 -39 50 -38 50 -37 50 -36 51 -35 52 -34 52 -33 52 -32 52 -31 52 -30 52 -29 52 -28 52 -27 52 -26 53 -25 53 -24 53 -23 53 -22 53 -21 53 -19 53 -18 53 -17 53 -16 53 -15 53 -14 52 -13 52 -12 52 -11 52 -10 52 -9 52 -8 52 -7 52 -6 52 -5 52 -4 52 -3 52 -2 52 -1 52 0 52 1 52 2 52 3 52 4 51 5 50 6 49 7 49 8 49 9 49 10 49 11 49 12 49 13 49 14 49 15 49 16 49 17 49 18 49 19 49 20 49 21 48 22 47 23 47 24 47 25 47 26 47 27 47 28 46 29 45 30 44 31 44 32 44 33 44 34 44 35 44 36 44 37 44 38 44 39 44 40 44 41 45 42 46 43 45
-96 26 -96 27 -95 28 -94 29 -94 30 -93 30 -92 31 -91 32 -90 33 -89 34 -88 35 -87 36 -86 37 -85 37 -84 37 -83 37 -82 37 -81 37 -80 37 -79 37 -78 37 -77 37 -76 37 -75 37 -74 37 -73 37 -72 38 -71 39 -70 40 -70 41 -70 42 -69 43 -68 44 -67 45 -66 46 -65 47 -64 48 -63 49 -62 50 -61 51 -60 52 -59 53 -58 54 -57 55 -56 56 -55 57 -54 58 -53 59 -52 60 -51 61 -50 62 -49 63 -48 64 -47 64 -46 64 -45 64 -44 65 -43 66 -42 67 -41 67 -40 68 -39 68 -38 69 -37 69 -36 70 -35 71 -34 72 -33 73 -32 74 -31 75 -30 76 -29 76 -28 76 -27 76 -26 76 -25 76 -24 76 -23 76 -22 76 -21 77 -20 77 -19 77 -18 77 -17 77 -16 77 -15 77 -14 77 -13 77 -12 77 -11 77 -10 77 -9 77 -8 77 -7 77 -6 77 -5 77 -4 77 -3 77 -2 78 -1 79 0 80 1 80 2 81 3 82 4 83 4 84
27 99 26 99 25 99 24 99 23 99 22 99 21 99 20 99 19 98 18 98 17 97 16 96 15 96 14 96 13 96 12 96 11 96 10 96 9 96 8 96 7 96 6 96 5 96 4 96 3 96 2 96 1 96 0 96 -1 96 -2 96 -3 96 -4 96 -5 96 -6 96 -7 96 -8 96 -9 96 -10 96 -11 95 -12 95 -13 94 -14 94 -15 93 -16 93 -17 92 -18 91 -19 90 -20 89 -21 89 -22 89 -23 89 -24 88 -25 87 -26 86 -27 85 -28 84 -29 83 -30 82 -30 81 -30 80 -31 79 -32 78 -33 77 -34 76 -35 75 -35 74 -36 73 -37 72 -38 71 -39 70 -40 69 -41 68 -42 68 -43 67 -44 67 -45 66 -46 66 -47 65 -48 64 -49 63 -50 62 -51 61 -52 60 -53 59 -54 58 -54 57 -54 56 -54 55 -55 54 -56 53 -57 52 -58 51 -59 51 -60 50 -61 49 -62 48 -63 47 -64 46 -65 45 -66 44 -67 43 -67 42 -68 41 -69 40 -70 39 -71 38 -72 37 -73 37 -74 37 -75 37 -76 37 -77 37 -78 37 -79 37 -80 37 -81 37 -82 37 -83 37 -84 37 -85 37 -86 37 -87 37 -88 36 -89 35 -90 34 -91 33 -92 33 -93 32
-62 74 -62 73 -62 72 -61 71 -60 70 -59 69 -58 68 -57 67 -56 66 -55 66 -54 66 -53 66 -52 66 -51 66 -50 66 -49 66 -48 66 -47 66 -46 66 -45 66 -44 66 -43 66 -42 66 -41 65 -40 64 -39 63 -38 62 -37 61 -36 60 -35 59 -34 58 -34 57 -33 57 -32 57 -31 57 -30 57 -29 57 -28 57 -27 57 -26 57 -25 57 -24 57 -23 57 -22 57 -21 57 -20 57 -19 57 -18 57 -17 57 -16 57 -15 56 -14 55 -13 54 -12 53 -11 52 -10 52 -9 52 -8 52 -7 52 -6 52 -5 52 -4 52 -3 52 -2 52 -1 52 0 52 1 52 2 52 3 52 4 51 5 50 6 49 7 49 8 49 9 49 10 49 11 49 12 49 13 49 14 49 15 49 16 49 17 49 18 49 19 49 20 49 21 49 22 49 23 49 24 49 25 49 26 49 27 50 28 50 29 50 30 51 31 52 32 52 33 52 35 52 36 52 37 52 38 52 39 51 40 50
45 63 44 64 43 65 42 66 41 66 40 66 39 66 38 66 37 66 36 66 35 66 34 66 33 66 32 66 31 66 30 66 29 66 28 67 27 68 26 69 25 69 24 69 23 69 22 69 21 69 20 69 19 69 18 69 17 69 16 69 15 69 14 69 13 69 12 69 11 68 10 67 9 66 8 65 7 64 6 63 5 62 4 61 3 60 2 60 1 60 0 60 -1 60 -2 60 -3 60 -4 60 -5 60 -6 60 -7 60 -8 60 -9 60 -10 60 -11 60 -12 60 -13 60 -14 60 -15 59 -16 59 -17 58 -18 58 -19 58 -20 58 -21 58 -22 57 -23 57 -24 57 -25 56 -26 55 -27 54 -28 53 -29 53 -30 53 -31 52 -32 52 -33 51 -34 50 -35 49 -36 48 -37 47 -38 46 -39 45 -40 44 -41 43 -42 42 -43 41 -44 40 -45 39 -46 38 -47 37 -48 36 -49 35 -49 34 -49 33 -49 32 -49 31 -49 30 -50 29 -51 28 -52 27
16 15 15 14 14 13 13 12 12 11 11 10 10 10 8 10 7 10 6 10 5 10 4 10 3 10 2 10 1 11 0 11 -1 11 -2 11 -3 11 -4 11 -5 11 -6 11 -7 11 -8 11 -9 11 -10 11 -11 11 -12 11 -13 11 -14 11 -15 11 -16 11 -17 11 -18 11 -19 11 -20 11 -21 11 -22 12 -23 13 -24 13 -25 14 -26 15 -27 16 -28 16 -29 16
-75 75 -76 74 -77 74 -78 74 -79 74 -80 74 -81 74 -82 74 -83 74 -83 73 -84 73 -85 73 -86 73 -87 73 -87 72 -88 72 -89 72 -89 71 -89 69
-33 96 -34 96 -35 96 -36 96 -37 96 -38 96 -39 96 -40 96 -41 96 -42 96 -43 96 -44 96 -45 96 -46 96 -47 96 -48 96 -49 96 -50 96 -51 96 -52 96 -53 96 -54 96 -55 96 -56 96 -57 96 -58 96 -59 96 -60 96 -61 96 -62 96 -63 96 -64 96 -65 96 -66 96 -67 96 -68 96 -69 96 -70 96 -71 96
7 98 6 97 5 96 4 95 3 94 2 93 2 92 2 91 2 90 2 89 2 88 2 87 2 86 1 85 0 84 -1 83 -2 82 -3 81 -4 80 -5 79 -6 78 -7 77 -8 76 -9 75 -10 74 -11 73 -12 72 -13 71 -14 70 -15 69 -15 68 -15 67 -15 66 -15 65 -15 64 -15 63 -16 62 -16 61 -17 60 -18 59 -19 58 -20 57 -21 56 -22 55 -23 54 -24 53 -25 52 -25 51 -25 50 -25 49 -25 48 -25 47 -25 46 -25 45 -25 44 -25 43 -25 42 -25 41 -25 40 -26 39 -26 38 -27 37 -28 36 -28 35 -29 34 -29 33 -30 32 -30 31 -31 30 -31 29 -31 28 -31 27 -31 26 -31 25 -31 24 -31 23 -31 22 -31 21 -31 20 -32 19 -33 18 -34 17 -35 16 -36 15 -37 14 -38 13 -39 12 -40 11 -41 10 -41 9 -41 8 -41 7 -41 6 -41 5 -41 4 -41 3 -41 2 -41 1 -42 0 -43 -1 -44 -2 -44 -3 -44 -4 -44 -5 -44 -6 -45 -7 -45 -8 -45 -9 -46 -10 -46 -11 -47 -12 -48 -13 -49 -13 -50 -14 -51 -14 -52 -15 -53 -15 -54 -16 -55 -17 -56 -18 -57 -19
-26 6 -26 7 -26 8 -26 9 -26 10 -26 11 -26 12 -27 13 -28 14 -29 15 -30 16 -31 17 -31 18 -32 19 -32 20 -32 21 -32 22 -32 23 -32 24 -32 25 -32 26 -32 27 -32 28 -32 29 -32 30 -32 31 -32 32 -32 33 -32 34 -32 35 -33 36 -34 37 -35 38 -36 39 -37 40 -38 41 -38 42 -38 43 -38 44 -38 45 -38 46 -38 47 -38 48 -39 49 -40 50 -41 51 -42 52 -43 53 -44 53 -45 54 -45 55 -46 56 -47 57 -48 58 -49 59 -49 60 -50 60
-45 18 -44 18 -43 18 -42 18 -41 19 -40 20 -39 21 -38 22 -37 23 -36 24 -36 25 -35 26 -34 27 -33 28 -32 29 -31 30 -30 31 -29 32 -28 32 -27 33 -26 34 -25 35 -24 35 -23 36
-58 -44 -57 -43 -56 -42 -55 -41 -54 -40 -53 -39 -53 -38 -53 -37 -53 -36 -53 -35 -53 -34 -53 -33 -53 -32 -53 -31 -53 -30 -53 -29 -53 -28 -53 -27 -53 -26 -54 -25 -55 -24 -55 -23 -55 -22 -55 -21 -55 -20 -55 -19 -55 -18 -55 -17 -55 -16 -55 -15 -55 -14 -55 -13 -55 -12 -55 -11 -55 -10 -55 -8 -55 -7 -55 -6 -55 -5 -55 -4 -55 -3 -54 -2 -53 -1 -52 0 -52 1 -52 2 -52 3 -52 4 -52 5 -52 6 -52 7 -52 8 -52 9 -52 10 -51 11 -50 12 -50 13 -50 14 -50 15 -50 16 -50 17 -50 18 -50 19 -50 20 -50 21 -50 22 -50 23 -50 24 -50 25 -50 26 -50 27 -50 29 -50 30 -51 31 -51 32 -51 33 -51 34 -51 35 -51 36 -50 37 -50 38 -50 39 -50 40 -50 41 -50 42 -50 43 -49 44 -48 45 -48 46 -47 47 -46 48 -45 49 -44 50 -43 50 -42 51 -41 52 -40 53 -39 54 -38 55 -38 56 -38 57 -38 58 -38 59 -38 60 -38 62 -38 63 -38 64 -38 65 -38 66 -37 67 -36 68 -35 69 -35 70 -34 71 -34 72 -33 73 -32 74 -31 75 -30 76 -29 77 -28 78 -27 78
17 -37 17 -36 16 -35 15 -34 15 -33 15 -32 15 -31 15 -30 15 -29 14 -29 13 -29 12 -29 11 -29 10 -29 9 -29 8 -29 7 -29 6 -29 5 -28 4 -28 3 -28 2 -28 1 -28 0 -27 -1 -26 -2 -25 -3 -24 -4 -23 -4 -22 -4 -21 -4 -20 -4 -19 -4 -18 -5 -17 -6 -16 -7 -15 -7 -14 -8 -13 -9 -12
13 -49 14 -48 15 -48 16 -48 17 -48 18 -47 19 -47 20 -47 21 -46 22 -45 23 -44 24 -43 25 -42 26 -41 27 -40 28 -39 29 -38 30 -37 30 -36 30 -35 30 -34 30 -33 30 -32 30 -31 30 -30 30 -29 30 -28 30 -27 30 -26 30 -25 30 -24 30 -23 30 -22 30 -21 30 -20 30 -19 30 -18 30 -17 30 -16 30 -15 30 -13 30 -12 30 -11 30 -10 30 -9 30 -8 30 -7 30 -6 30 -5 30 -4 30 -3 30 -2 30 -1 30 0 30 1 30 2 30 3 30 4 30 5 30 6 30 7 30 8 30 9 31 10 32 11 32 12 32 13 32 14 32 15 32 16 32 17 32 18 32 19 32 20 32 21 32 22 33 23 34 24 35 25 36 26 37 27 38 28 38 29 38 30 38 31 38 32 38 33 38 34 38 35 38 36 38 38 38 39 39 40 40 41 41 42 42 43 42 44 43 45 43 46 43 47 43 48 43 49 43 50 43 51 43 52 43 53 43 54 43 55 43 56 43 57 43 58 43 59 43 61 43 62 43 63 43 64 43 65 42 66 41 67 40 68 39 68
46 48 45 49 44 50 43 51 42 52 42 53 41 53 40 53 39 53 38 53 37 53 36 53 35 53 34 53 33 53 32 52 31 52 30 51 29 50 28 49 27 49 26 49 25 49 24 49 23 49 22 49 21 49 20 49 19 49 18 49 17 49 16 49 15 49 14 49 13 49 12 49 11 49 10 49 9 49 8 49 7 49 6 50 5 51 4 52 3 52 2 52 1 52 0 52 -1 52 -2 52 -3 52 -4 52 -5 52 -6 52 -7 52 -8 52 -9 52 -10 52 -11 52 -12 52 -13 52 -14 53 -15 53 -16 53 -17 53 -19 53 -20 53 -21 53 -22 53 -23 53 -24 53 -25 53 -26 52 -27 52 -28 52 -29 52 -30 52 -31 52 -32 52 -33 52 -34 52 -35 51 -36 50 -37 50 -38 50 -39 50 -40 50 -41 50 -42 50 -43 50 -44 50 -45 50 -46 50 -47 50 -48 50 -49 50 -50 50 -51 50 -52 50 -54 50 -55 50 -56 50 -57 49 -58 48 -59 47 -59 46 -60 45 -61 44 -62 43 -63 42 -64 41 -65 40 -66 39 -67 38 -67 37 -67 36 -68 35 -69 35 -70 34 -71 33 -72 32 -73 32 -74 31 -75 30 -76 29 -77 28 -78 27 -79 26
-5 -9 -5 -8 -5 -7 -5 -6 -5 -5 -4 -4 -3 -3 -2 -2 -2 -1 -1 0 0 1 1 2 2 3 3 4 4 5 5 5 6 5 7 6 8 6 9 7 10 8 11 9 12 10 13 11 14 11 15 12 16 13 17 13 18 14 18 15 19 16 20 17 21 18 22 19 23 20 24 21 25 22 26 23 27 24 28 24 29 25 30 26 31 26 32 27 33 28 34 29 35 30 35 31 35 32 35 33 35 34 35 35 35 36 35 37 35 38 35 39 35 40 36 41 37 42 38 43 39 44 40 45 40 46 41 47 41 48 41 49 41 50 41 51 41 52 42 53 42 54
-3 84 -3 83 -3 82 -3 81 -4 80 -5 79 -6 78 -7 77 -8 76 -9 75 -10 74 -11 73 -12 72 -13 71 -14 70 -15 69 -15 68 -15 67 -15 66 -15 65 -16 64 -17 63 -18 62 -19 61 -20 60 -21 59 -22 58 -23 58 -24 58 -25 58 -26 57 -27 56 -28 55 -29 54 -30 53 -31 52 -32 52 -33 51 -34 50 -35 49 -36 48 -37 47 -38 46 -39 45 -40 44 -41 43 -42 42 -43 41 -44 40 -45 39 -46 38 -47 37 -48 36 -49 35 -49 34 -49 33 -49 32 -49 31 -49 30 -49 29 -49 28 -49 27 -49 26 -50 25 -50 24 -50 23 -50 22 -50 21 -50 20 -50 19 -50 18 -50 17 -50 16 -50 15 -50 14 -50 13 -51 12 -51 11 -52 10 -53 9 -53 8 -54 7 -54 6 -55 5 -56 4 -56 3 -57 2 -58 1 -58 0 -58 -1 -59 -2 -60 -3 -61 -4 -62 -5 -63 -6 -64 -7 -65 -7 -66 -7 -67 -7 -68 -7 -69 -7 -70 -7 -71 -7 -71 -8 -71 -9 -72 -10 -73 -11 -74 -12
39 56 38 56 37 55 36 54 35 54 34 53 33 53 32 52 31 52 30 51 29 50 28 49 27 48 26 48 25 48 24 48 23 48 22 48 21 48 20 48 20 47 19 47 18 47 17 47 16 47 15 47 14 47 13 46 12 46 11 45 10 44 9 44 8 43 7 42 7 41 6 40 5 39 4 38 3 37 2 36 1 35 0 35 -1 34 -2 33 -3 32 -4 31 -5 30 -6 29 -7 28 -7 27 -8 26 -8 25 -9 24 -10 23 -11 22 -12 21 -12 20 -13 19 -14 18 -15 18 -16 17 -17 16 -18 15 -19 15 -20 15 -21 15 -22 15 -23 15 -24 15 -25 15 -26 15 -27 15 -28 15 -29 15 -30 15 -31 15 -32 15 -33 15 -34 15 -35 15 -36 15 -37 14 -38 13 -39 12 -40 11 -41 10 -42 10 -43 10 -44 10 -45 10 -46 10 -47 9 -48 9 -49 8 -50 7 -51 6 -52 5 -53 4 -53 3 -54 2 -54 1 -55 0 -56 -1 -57 -2 -58 -3 -58 -4 -59 -5 -60 -6 -61 -7 -62 -8 -63 -9 -64 -10 -65 -11 -66 -12 -67 -13 -68 -13 -69 -14 -70 -15 -71 -16 -72 -17 -73 -17 -74 -17 -75 -18 -76 -19 -77 -20 -78 -21 -79 -22 -79 -23 -80 -24 -81 -25 -82 -25 -83 -25 -84 -25
-95 36 -94 35 -93 36 -92 35 -91 34 -90 35 -89 36 -88 37 -87 37 -86 37 -85 37 -84 37 -83 37 -82 37 -81 37 -80 37 -79 37 -78 37 -77 37 -76 37 -75 37 -74 37 -73 37 -72 38 -71 39 -70 40 -70 41 -70 42 -69 43 -68 44 -67 45 -66 46 -65 47 -64 48 -63 49 -62 50 -61 51 -60 52 -59 53 -58 54 -57 55 -56 56 -55 57 -54 58 -53 59 -52 60 -51 61 -50 62 -49 63 -48 64 -48 65 -47 65 -46 66 -45 67 -44 68 -43 68 -42 69 -41 70 -40 70 -40 71 -39 72 -38 73 -37 74 -36 75 -36 76 -35 77 -34 78 -33 79 -33 80 -32 81 -32 82 -31 83 -30 84 -30 85 -29 86 -28 87 -27 88 -26 89 -25 89 -24 89 -23 89 -22 89 -21 90 -20 91 -19 92 -18 92 -17 92 -16 92 -15 92 -14 92 -13 92 -12 92 -11 92 -10 92 -9 92 -8 92 -7 92 -6 92 -5 92 -4 92 -3 91
22 -3 22 -2 22 -1 23 0 24 1 24 2 24 3 24 4 24 6 24 7 23 8 22 9 21 10 20 11 20 12 20 13 20 14 20 15 20 16 20 17 21 18 21 19 21 20 21 21 21 22 21 23 21 24 21 25 21 26 21 27 21 28 21 29 21 30 21 31 21 32 21 33 21 34 21 35 21 36 21 37 21 38 21 39 21 40 21 41 21 42 21 43 21 44 21 45 21 46 20 47 19 48 18 49 17 50 16 51 15 52 14 53 13 54 13 55 12 56 11 57 10 58 10 59 10 60 10 61 10 62 10 63 10 64 10 65 10 66 10 67 10 68 10 69
46 37 45 36 44 35 44 34 43 33 42 32 41 31 40 31 40 30 39 30 38 30 38 29 37 28 36 27 35 26 34 25 33 24 32 23 31 22 30 22 29 22 28 22 27 22 26 21 25 20 24 19 23 18 22 17 21 17 20 16 19 16 18 15 17 14 16 13 15 12 14 11 13 10 12 9 11 8 10 7 9 6 8 6 7 6 6 6 5 6 4 6 3 6 2 6 1 5 0 4 -1 3 -2 2 -3 1 -4 0 -5 -1 -5 -2 -5 -3 -6 -4
-85 48 -84 48 -83 47 -82 46 -81 45 -80 44 -79 44 -78 44 -77 44 -76 44 -75 44 -74 44 -73 44 -72 44 -71 44 -70 44 -69 44 -68 43 -67 43 -66 42
26 9 27 10 27 11 27 12 26 13 25 14 24 15 23 16 22 16 21 16 21 17 21 18 21 19 21 20 21 21 21 22 21 23 21 24 21 25 21 26 21 27 21 28 21 29 21 30 20 31 20 32 20 33 20 34 20 35 20 36 20 37 20 38 20 39 20 40 20 41 19 42 18 43 17 44 16 45 15 46 14 47 13 48 12 48 11 48 10 48 9 48 8 48 7 49 6 50 5 51 4 52 3 53 2 53 1 54 0 54 -1 54 -2 54 -2 55 -3 56 -4 57 -5 58 -6 59 -7 60 -8 61 -9 62 -10 62 -11 63 -11 64 -12 65 -12 66 -12 67 -12 68 -12 69 -12 70 -12 71 -12 72 -12 73 -12 74 -13 75 -14 76 -15 77 -16 78 -17 79 -18 80 -19 81 -20 82 -20 83 -21 84 -22 85 -23 86 -24 87 -25 88 -26 89 -27 90 -28 90 -29 90 -30 90 -31 90 -32 91 -33 92 -34 93 -35 94 -36 95 -37 95 -38 95 -39 95 -40 95 -41 95 -42 95 -43 95 -44 95 -45 95 -46 95 -47 95 -48 95 -49 95 -50 95 -51 95 -52 95 -53 95 -54 96 -55 96 -56 96 -57 96 -58 96 -59 96 -60 96 -61 96 -62 96 -63 96 -64 96 -65 96 -66 96 -67 96 -68 96
-2 33 -3 32 -4 31 -5 30 -6 29 -7 28 -7 27 -8 26 -8 25 -9 24 -10 23 -10 22 -10 21 -10 20 -10 19 -10 18 -10 17 -10 16 -10 15 -10 14 -10 13 -11 12 -12 11 -13 10 -13 9
30 -31 29 -30 28 -29 27 -28 26 -27 25 -27 24 -27 23 -27 22 -27 21 -27 20 -27 19 -27 18 -27 17 -27 16 -27 15 -27 14 -27 13 -27 12 -27 11 -28 10 -28 9 -28 8 -28 7 -28 6 -28 5 -28 4 -28 3 -28 2 -28 1 -28 0 -28 -1 -28 -2 -28 -3 -28 -4 -28 -5 -27 -6 -27 -7 -27 -8 -27 -9 -27 -10 -27 -11 -27 -12 -27 -13 -27 -14 -27 -15 -27 -16 -27 -17 -27 -18 -26 -19 -26 -20 -25 -21 -24 -22 -24 -23 -24 -24 -24 -25 -24 -26 -23 -27 -23 -27 -22 -27 -21 -27 -20 -27 -19 -27 -18
6 62 5 61 4 61 3 61 2 61 1 61 0 61 -1 61 -2 61 -3 61 -4 61 -5 61 -6 61 -7 61 -8 62 -9 63 -10 64 -11 65 -12 66 -13 67 -13 68 -14 68 -15 68 -16 69 -17 70 -18 71 -19 72 -20 73 -21 74 -22 75 -23 75
-5 84 -5 83 -5 82 -5 81 -5 80 -5 79 -4 78 -3 77 -2 76 -1 75 0 74 1 73 2 72 3 71 3 70 3 69
-23 -15 -22 -14 -21 -13 -21 -12 -20 -11 -20 -10 -19 -9 -19 -8 -19 -7 -19 -6 -19 -5 -19 -4 -19 -3 -19 -2 -19 -1 -19 0 -19 1 -19 2 -19 3 -19 4 -18 5 -17 6 -16 7 -15 8 -14 9 -13 10 -12 11 -11 12 -10 12 -10 13 -10 14 -10 15 -10 16 -10 17 -10 18 -10 19 -10 20 -9 21 -9 22 -8 23 -7 24 -6 25 -6 26 -5 27 -4 28 -3 29 -3 30 -2 31 -1 32 0 33 1 34 2 35 3 36 4 37 5 38 5 39 5 40 5 41 6 42 7 43 8 44 9 45 10 46 11 47 12 48 13 49 14 49 15 49 16 49 16 50 16 51 16 52 16 53 16 54 16 55 16 56 16 57
15 74 14 73 13 73 12 72 11 71 10 70 10 69 9 68 8 67 7 66 6 65 5 64 4 63 3 62 2 61 2 60 1 59 0 58 -1 58 -1 57 -2 56 -3 55 -4 54 -5 53 -6 52 -7 51 -7 50 -8 49 -9 49 -10 48 -11 48 -12 48 -13 48 -14 47 -15 46 -16 45 -17 44 -18 44 -19 43 -20 42 -21 41 -22 40 -23 39 -24 38 -25 37 -26 37 -27 36 -28 35 -29 34 -30 35 -31 36 -32 35
-76 91 -75 91 -74 91 -73 90 -72 90 -71 89 -70 88 -69 87 -68 86 -68 85 -68 84 -68 83 -68 82 -68 81 -68 80 -68 79 -68 78 -68 77 -68 76 -68 74 -68 72 -68 71 -67 70 -66 69 -65 69 -64 68 -63 68 -62 67 -61 66 -60 66 -59 65 -58 64 -57 63 -56 62 -56 61 -56 60 -56 59 -56 58 -56 57 -56 56 -56 55 -56 54 -56 53 -56 52 -55 51 -54 50 -53 49 -52 48 -51 47 -51 46 -51 45 -51 44 -51 43 -50 42 -49 41 -49 40 -49 39 -49 38 -48 38 -48 37 -47 37 -47 36 -45 36
9 18 10 18 11 18 12 19 13 20 14 21 15 22 16 23 17 24 17 25 17 26 18 27 18 28 18 29 18 30 18 31 18 32 19 33 20 34 20 35 21 36 22 37 23 38 24 39 25 40 25 41 25 42 25 43 26 43 27 43 28 43 28 44 28 45 28 46 28 47 29 48 29 49 30 50 31 51 32 52 33 53 34 53 35 53 36 53 37 53 38 54 39 54 40 55 41 56 42 57 43 58 43 59 43 61 43 62 43 63 43 64 43 65 43 66 43 67 43 68 43 69 43 70 43 71 43 72 43 73 43 74
-99 71 -98 72 -97 73 -96 74 -95 74 -94 75 -93 76 -92 75 -91 74 -90 73 -89 73 -88 73 -87 72 -86 72 -85 71 -84 70 -83 69 -82 69 -81 69 -80 69 -79 69 -78 69 -77 69 -76 69 -75 69 -74 68 -73 67 -72 66 -71 65 -70 65 -69 65 -68 65 -67 65 -66 65 -65 65 -64 65 -63 65 -62 65 -61 65 -60 65 -59 65 -58 65 -57 65 -56 65 -55 65 -54 65 -53 65 -52 65 -51 65 -50 65 -49 65 -48 65 -47 65 -46 65 -45 65 -44 65 -43 65 -42 65 -41 64 -40 63 -39 62 -38 61 -37 60 -36 59 -35 58 -35 57 -34 57 -33 57 -32 57 -31 57 -30 57 -29 57 -28 57 -27 57 -26 57 -25 57 -24 57 -23 57 -22 57 -21 57 -20 57 -19 57 -18 57 -17 57 -16 57 -15 56 -14 55 -13 54 -12 53 -11 52 -10 52 -9 52 -8 52 -7 52 -6 52 -5 52 -4 52 -3 52 -2 52 -1 52 0 52 1 52 2 51 3 50 4 49 5 49 6 48 7 48 8 48 9 48 10 48 11 48 12 48 13 48 14 47 15 46 16 45 17 44 18 43 19 42 20 41 20 40 20 39 20 38 20 37 20 36 20 35 20 34 21 33 22 32 23 31 24 30 25 29 26 29 27 29 28 29 29 29 30 29 31 29 32 29 33 29
40 -1 39 0 38 1 38 2 38 3 38 4 38 5 38 6 37 7 36 8 35 9 34 10 33 11 32 12 31 13 31 14 31 15 31 16 31 17 30 18 29 19 28 20 27 21 26 21 25 21 24 21 23 21 22 21 21 21 20 21 19 21 19 22 19 23 19 24 19 25 18 26 18 27 17 28 16 29 15 30 14 31 13 31 12 32 11 33 10 34 9 35 8 36 7 36 6 36 5 36 4 36 3 36 2 36 1 36 0 36 -1 36 -2 36 -3 37 -4 38 -5 39 -6 40 -7 41 -8 42 -9 43 -9 44 -10 45 -11 45 -12 45 -13 45 -14 45 -15 45 -16 45 -17 45
21 23 20 22 19 21 18 20 17 20 16 20 15 19 14 19 13 18 12 18 11 18 10 18 9 18 8 18 7 18 6 18 5 18 4 17 3 16 2 15 1 14 0 14 -1 14 -2 14 -3 14 -4 14 -5 14 -6 14 -7 14 -8 14 -9 15 -10 16 -11 17 -12 17
-26 87 -27 86 -27 85 -28 84 -29 83 -29 82 -29 81 -29 80 -30 79 -30 78 -30 77
