38.1907
66.795
82.0146
103.905
100.872
159.479
71.2401
160.223
142.096
84.7063
47.9379
61.0413
106.307
136.611
48.9143
117.775
121.976
106.987
138.229
89.4997
141.798
22.7204
74.4238
19.0203
165.283
120.625
82.2943
126.711
84.8856
63.1963
149.968
72.6304
66.5235
33.3875
43.8819
65.4558
121.617
76.0091
47.8627
65.4864
77.1039
81.7857
85.545
74.8555
154.027
169.333
49.3289
31.4675
118.881
128.101
40.7262
50.21
12.4015
54.7618
48.324
70.939
77.8315
79.4297
224.773
120.096
26.7565
131.076
62.8413
94.6181
58.7889
38.8883
105.609
122.53
6.61451
54.0878
132.643
47.0215
195.711
52.0612
44.1135
165.518
44.3443
53.2771
177.59
135.305
26.4284
96.8939
60.4757
45.9827
20.821
59.2485
102.157
122.139
76.7926
123.469
148.815
84.0714
108.38
33.6042
28.9704
199.945
57.6586
105.632
115.935
33.8941
61.2444
41.7256
99.3107
48.3892
26.9127
68.2731
80.3815
47.3012
106.075
142.061
107.673
92.1892
33.3409
23.8361
65.2938
193.635
81.9955
112.192
33.8075
88.0164
61.2
51.7832
203.414
117.056
67.3141
92.9191
97.8932
76.7268
78.3808
132.477
62.8669
37.5003
67.3461
101.751
36.7364
102.096
64.8121
54.7806
159.446
49.0743
64.8569
108.526
38.3949
40.5764
147.841
39.8894
137.476
119.864
86.6143
95.0658
105.681
31.0006
50.304
74.8666
17.8082
125.944
156.592
59.9794
124.495
29.3338
33.3454
21.459
31.875
42.0742
69.9108
77.5359
138.881
116.064
41.8309
172.845
118.921
78.0173
117.147
88.5181
125.359
93.6924
51.6331
107.904
143.108
23.1279
46.4175
96.2776
147.455
131.612
76.361
84.0659
150.931
57.2181
119.248
94.7314
147.035
104.798
123.218
25.7817
88.9292
28.6171
108.215
24.0535
125.889
36.6072
73.2145
76.4191
159.9
138.629
79.3827
103.804
148.669
92.0629
32.5846
156.834
147.854
84.8597
76.6885
45.3716
135.937
81.9639
88.2548
41.0555
140.353
116.269
104.237
133.29
149.713
114.24
84.3774
99.887
121.151
170.5
84.6367
18.6114
10.3853
53.2425
37.2304
63.0185
10.418
131.586
118.57
72.3637
115.569
146.064
123.871
166.26
57.4437
135.702
127.748
41.3573
135.769
131.536
50.4196
181.584
72.6257
136.617
86.3928
142.194
164.999
113.197
66.6838
83.4394
42.1196
61.1739
26.4483
77.6697
67.2704
43.1043
200.537
104.682
41.655
122.728
42.4762
54.7871
111.752
81.6808
126.164
90.1688
96.6462
84.1621
190.69
82.6381
128.637
164.352
30.2495
88.6038
149.822
184.34
184.577
126.412
132.857
85.9398
122.678
100.151
26.3558
120.679
110.389
60.8047
182.443
170.102
59.7218
50.3008
102.349
179.828
74.3879
104.4
47.3119
38.1132
147.11
85.556
71.1633
32.332
78.8284
51.0315
193.181
55.8875
37.0931
109.617
37.9436
165.114
75.9187
26.751
119.224
176.59
28.8481
144.508
148.488
102.37
60.2916
75.4553
49.9858
117.408
125.751
33.6362
87.8079
130.156
54.4497
43.5747
48.1061
94.2689
72.2969
114.875
90.1183
70.4685
127.284
115.581
69.9784
48.1158
121.477
41.4263
93.8539
45.1671
148.339
148.053
61.7848
104.492
68.9798
129.888
128.238
160.284
163.799
69.7105
83.2324
115.594
86.2358
79.17
33.6291
138.154
81.1766
115.428
69.6548
82.0144
44.9994
131.357
113.523
26.8359
98.2111
86.9292
148.298
116.639
20.2113
65.6445
70.0678
131.545
79.1649
38.2242
131.686
79.0454
167.287
33.6615
40.4767
118.386
74.5779
100.041
44.7683
74.6838
50.8531
53.568
158.914
39.2234
93.5199
96.0114
128.606
158.528
82.45
83.9861
132.621
96.9212
118.04
109.767
76.2469
32.8801
95.3846
156.554
20.7958
120.02
103.43
50.1937
21.1525
122.402
187.597
48.78
166.925
131.607
105.947
106.676
67.9817
31.412
103.018
93.892
24.1904
33.3378
91.5665
10.9388
164.99
117.606
34.3221
68.3621
140.228
57.8812
46.3445
102.048
81.4967
73.3214
128.454
80.5992
84.1065
59.196
75.5122
159.427
112.761
68.0342
76.5284
119.792
64.197
77.6116
94.8865
103.857
95.7765
81.7486
40.3605
157.257
98.7057
85.9832
175.914
103.652
76.4386
66.0939
149.571
66.6267
48.5383
37.8485
144.615
35.0971
96.1813
83.6149
62.8159
103.595
170.946
123.524
131.53
45.4953
95.5688
141.118
146.948
26.8796
89.4917
157.83
77.1214
27.195
25.2531
68.3362
105.056
53.6605
135.074
103.606
187.896
117.304
113.856
102.754
97.9638
89.992
37.2099
99.9278
153.416
101.215
83.6562
89.8566
110.802
45.7186
143.798
42.2958
97.4493
182.669
174.142
169.533
60.411
49.2647
116.259
86.0729
63.7997
136.837
154.041
62.5724
111.259
62.2353
122.127
37.2049
84.8666
8.64645
38.4234
94.0388
48.5251
135.556
30.6325
58.9108
123.435
43.9755
200.223
98.2456
41.1496
36.9462
136.217
37.9955
123.519
148.467
131.272
69.9611
84.4664
127.775
41.9744
124.339
35.4224
105.255
70.6355
64.8777
156.372
67.4462
115.444
135.646
120.95
41.9106
160.572
163.231
16.2002
65.7105
137.415
145.217
85.2544
58.2924
81.011
142.606
51.1727
97.0194
74.2232
36.8316
123.02
101.748
122.561
132.631
55.2073
39.5065
137.955
122.072
129.185
111.82
99.9506
104.861
92.3826
80.8077
105.263
71.0172
77.8141
24.6792
60.7651
130.236
61.9344
41.0328
65.1917
47.4629
75.7621
114.172
138.869
152.328
163.504
71.912
31.0578
94.5245
80.3249
28.002
133.515
58.9934
156.63
72.5419
140.154
81.9437
92.2467
100.281
38.0597
115.02
93.5802
114.86
120.164
80.9326
77.2528
116.022
95.5312
136.842
42.7608
68.4904
88.399
94.2283
161.444
33.869
68.8258
25.9017
102.144
104.222
108.912
31.118
90.9375
128.806
14.0725
110.761
64.0725
137.714
123.681
161.054
65.6994
59.6512
104.908
29.409
7.55922
72.038
147.69
161.622
64.624
117.876
109.23
124.239
25.3011
69.926
205.943
174.559
129.732
79.3823
24.1693
26.839
156.489
118.21
62.0825
59.7458
100.124
99.7693
161.827
38.9112
143.56
121.251
175.74
196.546
63.1732
38.1021
50.4792
76.4579
27.5288
147.05
79.4493
74.0698
133.308
60.523
44.7924
50.9704
19.4736
63.9963
57.216
69.9854
92.8779
128.231
108.915
134.606
132.266
116.364
29.2347
75.5527
122.525
116.386
82.9843
124.929
110.839
56.7991
51.4874
12.7816
144.653
81.4943
60.2698
128.395
53.5364
80.6902
38.5036
23.3261
135.101
68.0528
84.5198
69.8961
113.547
54.7707
47.6511
40.0525
42.0492
135.036
90.8798
94.1467
151.82
128.353
55.0444
34.176
109.334
53.0932
150.656
76.4267
104.953
29.4727
174.886
117.614
67.9045
136.492
91.4193
122.822
154.131
55.4231
179.871
62.1474
91.6107
59.7344
192.963
140.866
96.8382
32.4228
76.4017
27.3836
120.28
99.3394
49.9177
54.752
131.39
39.4364
64.7328
115.675
82.3614
23.9565
167.405
125.851
58.1288
196.449
124.528
136.569
71.271
27.8657
127.357
82.1674
102.214
112.94
65.1333
117.898
185.503
58.0775
133.107
60.3006
108.089
88.7734
192.039
63.2313
159.134
63.9733
62.5123
102.86
133.697
139.476
83.2223
95.0314
86.5029
42.8897
121.214
64.5588
81.437
128.608
68.6805
104.074
105.836
70.8563
60.1205
100.045
164.273
137.229
45.803
88.5881
110.731
37.4955
93.7474
122.919
137.983
157.19
113.983
186.547
29.4641
104.776
96.6119
16.0106
97.2078
69.6022
125.442
125.637
50.5607
164.552
32.3753
100.515
175.475
48.8068
51.692
147.229
59.4299
17.2882
96.8182
42.5353
90.2309
94.5893
120.574
73.8692
151.541
102.931
28.0671
147.325
20.9065
119.136
95.4468
37.2732
113.588
76.6735
112.649
146.604
50.79
150.621
16.4931
130.388
108.514
149.841
156.417
67.1868
81.3936
199.66
77.0503
50.4525
134.247
71.4817
17.1221
37.3033
49.377
107.714
117.704
92.9056
181.623
54.7464
95.3771
32.2634
132.445
110.482
24.8342
84.0624
117.219
72.9207
202.559
54.9801
166.875
157.957
50.4944
28.5502
93.1136
117.302
48.7952
69.9658
127.247
87.8265
81.0948
57.5282
70.0978
94.7344
27.6957
128.482
23.2524
125.79
107.91
72.5349
56.3476
42.7891
80.4976
81.1663
103.918
86.4585
76.0889
127.775
79.7836
36.7647
64.1998
145.682
92.9583
71.6437
36.8651
52.2049
54.8213
111.489
86.0689
55.5326
34.8089
47.2957
146.104
140.605
32.8143
68.494
55.0208
29.0501
54.7694
51.7288
146.503
9.40774
40.8065
64.1698
108.121
109.924
64.0854
107.371
71.4088
30.0756
95.9796
79.442
164.09
137.619
92.2076
86.699
79.6587
115.09
96.6253
93.1868
139.224
85.9588
112.632
60.3711
37.1997
105.924
147.702
63.4977
57.0567
67.8747
190.654
161.972
88.9645
86.0993
136.619
56.6151
63.0772
131.244
67.4445
81.4199
46.5994
107.242
88.3445
140.265
28.2634
143.024
98.7235
71.9589
23.6212
199.683
66.1679
34.7561
118.758
79.0587
92.9488
85.6585
122.424
93.5555
135.582
99.7563
58.936
63.3878
57.7018
40.3537
45.3859
69.285
113.809
90.3388
94.1529
116.432
119.596
104.844
131.279
62.1139
50.044
136.813
127.436
95.9155
79.9677
101.581
27.6093
106.806
97.93
88.425
38.331
54.979
122.033
155.288
107.939
104.804
131.158
103.87
77.3603
177.526
76.9897
30.6444
148.875
60.5719
85.8765
177.605
73.0415
50.325
106.709
78.2961
69.489
76.7468
40.0393
94.4631
63.3827
58.7021
119.78
55.9419
85.9958
143.06
186.889
142.724
41.2508
24.2284
36.5367
99.7256
48.1374
137.284
159.234
107.799
84.7625
91.557
88.2455
165.299
99.5799
76.2005
70.1961
130.099
161.565
107.287
94.5303
158.091
129.221
58.8434
166.807
159.233
66.2843
113.375
103.143
52.4219
47.2726
158.464
99.4252
28.8299
149.232
147.356
53.0268
138.954
78.594
87.1773
168.373
112.918
137.836
55.9937
48.5321
75.6659
135.723
47.006
38.7197
68.3853
58.3529
44.0275
147.522
89.9987
135.018
90.5885
41.9119
78.4863
127.838
143.08
20.2202
128.464
92.6702
68.1808
58.7932
51.9031
134.631
164.504
126.402
63.2488
90.2299
17.5363
144.887
101.588
117.044
106.197
62.8448
98.2531
112.274
97.3608
57.4114
90.5988
114.402
90.7627
179.047
56.1228
125.23
151.214
189.58
103.697
70.1328
55.444
11.1693
30.418
145.998
185.623
53.9833
140.725
95.0838
81.3939
139.107
183.769
28.8845
158.394
152.203
35.2013
42.6746
67.5789
78.6401
128.187
164.955
111.526
43.8505
100.625
114.839
89.9987
14.8368
97.8245
11.4678
72.0937
29.7471
114.312
143.243
43.2692
115.505
55.5708
114.826
195.684
117.49
197.97
19.1609
79.3632
115.566
145.031
135.92
123.118
70.6529
66.1829
110.109
159.624
32.3748
62.4783
83.6123
133.923
79.0539
62.515
125.847
93.2032
125.021
32.1152
130.464
79.8357
137.057
135.239
68.6389
116.847
164.081
91.9892
80.6481
120.079
123.359
125.43
71.3005
132.063
99.2753
74.7422
177.482
187.505
40.7093
126.69
57.3377
71.1762
67.325
114.679
137.603
81.9432
158.286
74.1992
123.91
69.2304
103.014
79.1605
7.51785
78.7214
153.19
141.281
136.571
132.184
102.854
67.0479
116.866
46.6865
71.3941
103.808
30.6938
92.7808
215.825
43.1292
146.919
129.815
113.046
154.559
118.242
111.223
157.84
37.8656
92.5054
83.1402
124.135
143.775
72.0444
86.0121
46.1563
27.6375
37.4568
22.9988
73.0247
24.9208
75.2553
42.777
129.283
56.1663
122.313
89.727
134.352
126.953
95.3697
50.6666
52.355
36.7793
55.6405
102.844
128.02
73.2849
76.027
57.3414
50.9435
167.015
18.7863
54.4901
81.6652
35.0293
43.8877
92.3742
154.472
84.7015
105.527
83.6799
45.3423
70.4927
164.565
116.695
174.236
79.5821
147.498
143.3
143.563
68.9186
70.671
74.4092
15.2551
61.1231
101.273
131.447
142.113
106.159
113.875
181.68
138.173
84.5285
35.908
51.4468
87.1144
112.872
148.719
66.4888
65.2116
86.3486
54.2676
47.0195
49.2586
117.487
79.6153
99.0629
87.7794
66.5537
70.7004
76.2832
54.7092
117.441
167.111
15.1797
112.862
114.49
43.5204
159.247
104.483
134.937
43.5462
53.8139
103.132
53.8835
121.615
181.582
72.7377
111.44
44.1326
118.621
24.2495
121.317
36.4638
70.1946
36.3007
27.9269
70.9514
145.848
103.511
98.7516
141.576
80.5406
59.3199
149.333
107.894
32.0709
79.2195
168.258
32.8586
23.0362
43.5942
116.73
76.9363
111.728
86.7991
135.665
115.057
42.4347
100.261
82.6254
43.0643
77.1399
79.5335
56.2774
36.5648
139.361
115.784
113.28
81.2893
74.8201
82.2371
135.67
134.7
33.7895
85.1026
51.4955
124.892
40.2232
80.589
55.1236
186.021
148.598
44.8711
159.378
152.567
186.956
67.328
122.726
113.515
90.3788
76.7554
123.492
70.6144
101.942
51.0835
99.7085
34.6396
99.6864
30.1191
79.6726
123.718
163.859
57.39
31.8656
107.865
38.9785
26.4255
144.515
102.246
34.0131
27.0304
14.8987
113.017
160.112
113.532
127.467
62.3478
46.1801
107.185
51.4399
55.596
95.7914
67.8647
90.9739
163.284
69.1123
89.6271
166.653
90.0053
29.6586
111.419
136.494
157.201
75.086
43.1855
27.4828
148.124
151.02
85.6637
24.5756
53.5696
99.3491
92.9975
149.422
38.4218
64.0052
169.514
57.5656
19.6944
49.3444
50.2112
31.2275
73.9069
138.376
49.5906
67.3724
60.0383
105.491
48.5175
26.2059
161.179
169.121
83.589
151.874
97.3848
130.076
47.8324
128.757
75.2832
161.565
144.359
67.7303
52.4491
143.555
136.082
70.2193
81.7595
75.329
178.648
90.7794
166.734
48.3089
91.0278
32.7491
136.548
108.698
112.94
127.29
72.6681
88.7345
41.8834
158.317
42.8719
131.662
91.974
49.3757
120.856
61.1487
64.4743
83.1598
111.506
148.435
164.173
76.2747
85.2436
78.248
99.3689
49.2172
55.2266
146.179
82.4414
70.2195
76.118
59.4712
152.056
104.491
29.0153
40.3536
64.1496
104.16
22.3003
127.439
112.169
25.2178
55.3531
123.145
73.3833
118.299
40.2915
76.9977
128.793
131.157
140.351
132.397
114.127
66.3222
108.533
53.0083
128.781
19.0398
150.537
154.177
65.3246
94.0776
80.3023
71.7332
136.397
119.447
58.9672
42.4329
112.8
113.654
125.338
123.943
63.8001
53.6247
147.167
30.4738
129.833
60.0304
131.33
47.428
79.0712
189.934
60.0806
181.522
147.609
123.816
102.568
92.8746
66.811
131.621
95.8536
109.858
145.276
69.6209
19.3473
169.736
161.975
90.9544
98.2997
56.8987
109.423
105.852
104.697
17.6336
77.9126
100.386
122.196
155.057
124.227
166.553
77.1547
103.25
82.1751
21.4294
107.088
89.9267
60.2092
126.541
82.1227
181.209
36.072
132.13
37.843
60.8134
143.791
109.179
76.4435
25.3776
164.443
63.7019
64.6838
78.9126
89.2029
21.512
54.1483
28.6505
26.7281
61.8864
98.7688
125.604
88.6112
68.9354
113.172
44.562
92.9206
64.0133
21.0757
116.404
47.3618
88.6931
117.141
106.13
134.35
170.875
103.206
123.893
150.202
128.801
100.612
73.502
118.143
55.6303
29.3907
64.5331
144.211
46.6816
126.121
76.4714
173.776
74.7603
141.869
153.122
105.12
150.977
123.873
30.0328
80.2836
97.1408
50.1754
44.2314
44.4278
107.82
103.424
69.1473
162.446
22.0705
110.801
108.885
159.834
119.569
87.172
120.524
137.629
67.1272
60.3751
76.35
127.419
173.072
191.745
150.989
67.39
20.7747
63.8643
148.781
57.1569
84.7354
129.773
107.459
96.732
60.3919
59.8516
54.7209
110.093
116.772
118.505
83.4794
133.277
154.851
44.6577
72.6693
118.148
59.5314
53.9916
97.0879
129.059
124.493
62.3523
98.572
166.063
122.162
137.383
80.4035
45.7396
34.9244
158.695
163.816
80.688
21.35
101.479
46.8989
150.375
122.893
134.377
50.429
86.5947
110.508
28.4436
86.1784
107.154
111.238
47.4605
167.221
125.168
103.71
126.784
105.13
126.407
44.4662
169.2
38.4367
64.0477
112.551
85.7012
61.836
54.4117
90.2692
97.3592
135.629
150.854
113.744
49.1136
99.5567
66.6531
42.7194
39.2662
24.215
160.128
54.3473
159.984
85.4958
51.0849
118.467
144.647
122.681
119.259
90.0584
123.156
102.101
45.3898
75.3659
50.3402
75.7114
88.1325
141.073
132.861
127.45
48.7933
39.932
99.7781
45.8584
151.179
114.171
50.6352
36.0193
127.418
79.921
67.5682
46.8651
65.3874
151.723
59.2518
89.0186
69.524
17.4046
65.7484
120.635
84.2741
50.136
38.5286
138.562
76.8911
124.776
82.3492
71.1916
122.631
44.6336
129.708
77.2885
22.2352
103.896
126.657
114.839
166.061
132.444
129.456
53.9938
103.865
45.4657
43.7029
164.12
111.064
17.5504
39.8618
77.3621
29.0404
151.582
83.829
46.2247
97.4882
136.738
187.911
87.9913
116.233
38.3998
120.115
57.2672
133.936
181.972
60.1544
67.7884
47.9311
58.0148
37.0544
140.551
178.098
94.3001
133.751
80.9638
33.6578
96.4678
99.4435
62.5984
58.2899
104.409
98.8838
129.699
65.5808
55.0993
50.2884
97.511
167.786
126.554
139.802
90.15
36.1646
62.32
41.2565
90.5121
104.565
100.626
120.884
60.7867
30.2253
103.549
58.3915
61.9893
38.8678
23.5687
106.3
167.54
127.974
160.728
120.563
77.8138
82.566
25.3394
108.762
90.4125
72.1393
147.357
88.364
126.649
90.6659
79.154
25.4481
177.825
156.762
72.4007
126.707
41.7058
47.0229
66.9483
59.6573
78.2042
104.976
156.477
101.192
122.04
102.012
16.2846
114.361
45.1414
90.1586
78.8012
102.13
171.769
42.5252
99.3458
136.088
120.671
90.7091
122.822
50.9391
61.6506
61.9133
126.271
46.7089
31.4998
88.8701
36.2814
48.0473
65.1308
101.628
105.324
67.3805
103.985
48.1624
61.8098
86.6654
31.5201
103.035
49.0916
157.905
125.216
94.3214
44.542
62.9444
18.456
53.9162
120.601
112.226
33.5082
127.088
31.8848
83.9819
110.527
77.7686
106.242
8.46786
13.4816
69.8163
39.7406
59.1128
53.3668
89.8461
86.9169
32.1174
95.5537
66.175
43.4478
75.1623
21.0147
55.5933
165.154
33.3171
31.395
56.9102
87.2915
169.483
47.4582
37.8948
140.27
109.609
50.2443
125.577
54.2967
199.714
50.8547
60.4137
39.8872
48.4532
104.861
127.432
48.4313
100.288
49.3575
119.431
152.225
31.662
75.4476
77.2081
28.1614
144.6
89.8818
158.768
87.3697
101.713
69.2867
102.984
117.343
86.3665
65.9047
48.1981
72.8955
35.598
114.293
154.287
106.807
13.604
91.4589
107.472
128.104
79.8563
144.304
111.125
81.7997
165.962
26.0571
134.694
150.287
78.5707
63.1222
32.3295
91.7177
44.0518
19.3872
105.348
144.917
207.099
68.2495
128.899
94.859
37.5455
119.252
49.8919
71.1413
115.861
61.0639
91.8918
90.9665
129.742
78.7473
88.3547
124.109
107.086
91.0198
116.878
61.8101
131.223
119.652
188.796
75.0763
139.772
58.75
39.8509
167.554
82.5208
132.666
142.66
39.8339
63.699
61.7025
71.9768
93.1744
85.4063
32.5195
140.977
75.2268
51.9908
105.891
14.5919
39.9873
76.6816
90.2111
67.7379
115.45
121.169
143.096
97.0747
71.9369
125.2
32.5285
48.7667
170.422
135.558
78.2363
43.1982
94.5895
141.262
52.2648
104.981
130.37
116.766
184.42
108.89
68.6707
114.332
74.4659
150.725
65.0482
130.663
128.358
115.04
87.8847
120.681
169.024
108.165
81.6433
132.356
12.3582
168.153
168.886
104.904
54.8377
39.0831
69.9841
55.2887
154.057
84.5431
154.324
157.519
127.743
20.6065
70.2847
56.4643
123.638
47.3218
153.239
106.453
113.397
31.5119
135.03
99.0497
75.6028
79.0729
106.848
55.0438
172.471
165.635
64.4761
117.082
168.377
157.946
37.6392
160.58
71.8708
167.795
46.2405
117.434
134.483
153.934
76.3972
89.3755
81.9312
102.839
151.593
47.7226
150.326
80.8832
59.2312
64.9657
96.6199
90.5883
85.6243
38.8436
93.5966
136.253
124.304
151.097
78.0952
173.158
188.843
31.621
109.852
107.451
81.592
153.023
74.2911
168.625
73.4182
24.8226
67.6318
139.536
63.5377
138.75
116.888
131.949
115.879
97.3916
6.0891
109.006
108.047
29.2966
91.9493
45.5001
38.6217
135.785
35.9297
104.338
157.653
73.1988
104.188
49.7554
21.2922
47.0117
50.4554
145.888
83.1335
99.1597
90.6878
62.1062
162.144
63.2672
97.6596
49.9007
114.86
159.015
127.556
87.0916
76.6618
55.7511
158.442
85.8984
54.3884
35.3918
48.8793
65.8821
72.1387
72.5536
38.6442
122.042
139.113
174.981
69.6136
43.737
102.611
86.0377
139.13
109.345
125.692
23.6143
170.911
114.27
61.9659
34.7632
56.7667
74.4852
145.536
27.9113
140.601
132.829
78.8677
40.1549
35.7288
129.411
67.9571
150.322
76.0764
175.856
134.814
171.897
151.358
121.323
132.87
52.1142
123.689
79.8607
60.9196
28.859
64.8581
96.385
73.8437
119.78
107.016
113.626
75.7007
85.8778
91.1908
124.127
121.55
85.031
61.5982
16.0734
99.9259
113.277
57.1891
126.532
125.902
35.8164
173.994
135.01
99.7932
34.9059
85.4854
74.4596
128.476
95.0624
103.281
97.8119
45.0716
57.7967
117.334
66.6874
143.098
81.161
48.7363
86.6015
76.9341
134.943
139.676
58.7366
131.667
143.748
40.1528
42.3449
23.8888
74.2938
91.3124
133.622
85.7464
93.3115
132.803
95.3884
124.825
134.507
145
86.5957
149.977
99.1081
10.9168
95.5618
155.537
30.8329
106.92
106.061
126.71
38.8917
51.543
59.9414
118.941
93.8374
137.182
184.231
164.573
26.1699
traj_length_all 220818
