1727.39
1027.4
613.28
717.296
664.385
460.456
908.157
470.322
443.153
705.576
1706.65
1363.8
584.786
568.554
1674.94
610.436
570.562
594.642
580.931
955.335
516.153
776.401
963.898
358.368
556.437
523.541
818.204
600.993
1027.59
1323.07
504.783
1125.19
1466.61
2915.56
1396.9
1139.76
538.676
912.839
2357.84
1079.11
1373.92
841.117
834.216
444.589
455.242
538.078
1786.47
936.958
594.267
550.168
3022.85
1664.49
770.918
1375.39
2808.33
940.346
1042.31
859.577
536.379
417.416
802.376
503.673
1042.02
704.051
1074.23
2499.3
567.984
578.579
1462.24
1375.37
526.38
1803.61
4668.38
1701.16
1745.5
448.017
1788.66
1385.72
401.261
472.036
1952.23
725.63
1668.26
1698.88
1263.86
1122.95
732.579
495.137
994.159
502.168
499.763
1140.61
690.301
1264.23
914.424
422.222
1060.49
623.533
554.508
1387.99
1485.49
1761.04
685.755
1217.04
2124.91
1220.06
940.868
1980.07
686.09
528.159
436.103
668.439
3827.59
624.835
1758.22
425.307
782.726
602.718
1712.76
978.801
1141.68
2308.42
440.31
695.604
991.13
756.179
724.297
923.599
598.486
467.024
946.09
2103.26
1141.43
698.366
801.902
624.65
1144.32
2375.89
540.272
1753.18
1043.23
511.481
1156.72
2208.66
503.664
1796.21
513.761
640.786
719.917
833.867
499.507
935.178
1876.05
1040.09
503.965
554.871
477.665
1237.51
532.824
1277.97
1093.43
1044.25
1860.5
1740.9
732.423
1540.46
503.678
659.239
1625.94
495.049
653.269
856.215
494.399
890.129
635.842
625.998
1600.19
526.524
501.629
1063.29
1373.02
661.414
397.93
560.997
1062.33
717.424
469.198
1554.01
590.617
998.412
511.634
779.494
559.812
861.476
881.247
549.51
655.695
237.84
562.198
2913.07
1009.72
1037.01
509.421
586.164
1235.29
699.22
464.289
777.969
1223.82
438.473
516.187
967.68
1056.69
1975.41
574.381
1026.94
604.392
545.8
454.135
527.522
769.111
488.928
449.59
611.121
1201.65
990.532
677.707
433.603
745.619
668.204
374.993
1344.37
3142.42
1751.26
599.487
563.093
546.828
956.564
576.554
486.71
463.08
582.567
1638.27
498.595
450.774
1363.81
506.738
419.858
2188.33
420.599
1034.79
450.265
969.383
503.232
477.622
536.546
840.484
583.417
2099.98
864.742
924.011
1142.72
775.79
1790.76
498.459
634.045
1809.52
630.468
1764.06
1772.98
611.477
905.641
605.66
906.984
526.37
858.614
442.021
662.947
447.98
433.423
1576.12
908.084
585.776
457.638
475.924
502.311
557.737
716.648
636.944
554.729
993.307
494.784
544.523
1228.56
449.281
516.062
1039.71
2085.64
581.416
540.393
1573.62
625.752
1425.08
1939.16
512.711
891.847
1362.44
670.161
805.518
2528.03
443.419
1677.14
3509.05
709.081
1621.96
409.653
1043.96
1528.78
648.433
475.834
638.334
479.464
424.122
663.901
1459.39
932.105
1599.85
591.739
566.08
1916.67
1084.19
536.202
1169.1
1444.66
1247.64
575.86
1019.38
621.914
635.856
949.337
480.781
637.263
880.59
1924.13
658.916
915.88
691.88
1532.84
531.787
547.939
1129.93
661.656
855.361
599.854
588.372
420.082
422.756
1034.31
903.653
638.656
809.734
666.202
963.67
479.531
813.297
533.103
1150.01
886.179
1726.74
554.56
741.32
1345.25
605.842
907.516
557.857
540.874
1352.22
1602.11
859.418
436.533
943.987
1447.38
555.707
1481.66
518.792
832.771
1209.09
493.813
842.025
629.395
1773.21
846.456
1247.55
1982.53
451.96
1737.36
815.292
841.627
545.05
506.803
1187.35
744.629
609.778
673.48
586.075
526.345
942.156
1288.85
914.801
461.985
874.151
577.968
775.941
2153.88
571.649
563.954
451.514
1317.47
445.91
506.042
635.017
645.676
1013.87
2003.99
700.686
875.153
820.836
1375.7
756.9
179.877
510.586
622.987
2018.82
1473.25
555.173
990.01
1564.55
601.352
1107.53
916.05
724.857
949.221
990.875
846.78
668.67
469.894
443.089
1146.94
728.007
732.42
1204.83
774.466
732.29
572.378
642.656
723.624
2099.67
619.6
842.161
605.334
477.653
597.071
703.235
1469.47
575.018
1672.87
1822.35
1538.29
530.702
4144.71
1012.84
1339.23
1237.11
639.672
457.502
481.035
567.889
2596.22
684.021
594.711
446.493
1295.1
1057.2
432.7
625.8
1135.14
813.621
931.675
655.173
574.119
492.297
733.279
480.632
546.491
629.876
565.073
775.361
700.177
1648.77
787.289
486.236
631.575
996.963
809.736
796.964
2343.99
566.016
768.584
772.034
445.542
488.758
402.694
1001.82
2094.35
483.325
740.029
1783.13
558.457
530.992
971.224
652.331
1121.15
622.629
2807.53
1131.05
307.588
1243.43
767.502
2577.5
425.759
1057.98
1424.27
599.359
1649.59
526.96
697.766
1180.45
614.661
492.326
1242.21
591.707
536.654
491.803
926.821
815.216
470.856
1083.38
479.07
1791.01
778.939
1166.68
1204.57
516.557
989.114
511.862
416.202
448.709
2046.63
497.672
495.042
210.697
1410.71
457.902
531.707
763.687
1459
700.101
619.135
1171.35
652.068
934.535
1747.39
597.708
775.436
509.478
485.048
1428
1760.69
474.575
648.147
575.074
722.579
645.1
567.752
629.733
876.936
524.239
983.803
1172.13
534.983
1180.09
490.712
811.328
1203.52
1016.44
1822.95
1387.05
637.677
434.486
568.039
506.972
915.116
1864.55
486.848
987.052
1183.8
484.359
757.404
483.965
1461.95
534.38
881.721
1015.88
849.92
1458.35
771.64
757.408
697.094
571.605
637.935
1372.8
654.378
849.501
438.883
1671.57
1314.97
969.527
809.456
498.824
1669.13
1077.94
968.168
695.001
664.327
533.237
1655.58
828.283
675.637
987.039
560.3
999.418
509.383
447.522
432.152
1618.34
1273.12
507.103
958.19
359.377
962.062
501.315
515.726
1040.87
542.19
539.228
515.383
1827.97
637.856
435.248
10744.3
566.947
796.077
848.473
730.038
551.954
516.512
1013.15
1171.07
627.905
626.578
526.484
1315.39
573.747
605.945
483.677
480.696
1365
1385.84
2264.73
936.954
1374.65
517.562
908.494
1081.97
458.327
1445.73
1183.79
1490.88
782.191
1830.8
1370.88
1246.83
813.562
481.789
912.412
505.848
463.837
531.841
838.163
1009.77
766.519
561.072
675.068
690.248
589.114
1412.55
1330.8
441.71
493.434
1137.19
1109.29
467.346
1276.47
830.25
1785.88
1519.2
522.331
1386.09
1056.58
761.727
717.444
2029.11
1785.23
973.492
1942.98
462.13
767.707
831.285
497.201
547.999
2160.45
799.562
609.179
1744.75
440.846
854.139
629.712
2583.1
471.858
576.012
1202.37
676.987
979.411
642.671
543.584
1049.21
493.272
2001.62
930.386
937.37
490.264
519.279
531.403
1441.49
934.672
536.75
563.6
610.494
728.574
1395.02
458.159
1248.51
1182.69
585.601
651.54
516.254
420.781
547.36
1706.69
498.042
605.564
466.311
1002.17
389.074
488.934
721.36
685.212
644.818
1617.07
630.541
476.011
2045.68
573.046
1456.26
496.329
1031.43
444.425
1587.52
520.228
1537.08
1349.61
865.774
583.024
482.659
1257.99
874.219
678.221
2178.04
504.262
926.602
902.127
469.002
1487.13
803.693
780.695
951.018
1513.87
765.579
540.221
494.321
1539.18
953.202
528.668
2385.82
616.757
499.592
554.704
524.492
627.071
487.964
752.257
643.415
650.864
453.145
835.642
1253.34
562.498
649.397
1891.87
456.273
1493.39
530.665
501.677
2099.05
1813.14
484.444
1068.13
939.496
757.714
1136.04
852.723
779.57
510.086
1224.41
561.239
520.05
788.682
452.957
732.77
590.549
674.856
1732.96
537.009
869.241
674.609
419.753
1522.91
514.133
898.552
536.594
602.797
552.122
417.815
894.15
1010.04
428.445
1048.23
2070.21
523.312
1414.22
299.223
2420.83
3010.09
631.532
500.66
829.755
441.721
1343.8
615.666
1624.45
615.224
761.851
1159.81
989.762
745.909
825.61
531.29
1292.99
439.715
455.667
1822.38
1705.65
767.947
594.238
1800.45
886.03
443.513
973.81
938.981
842.183
1280.07
627.747
1350.21
578.014
820.17
505.757
485.96
805.599
1981.27
1817.77
1002.15
1048.12
706.757
826.326
908.964
456.393
980.246
1232.87
969.918
500.215
648.059
1412.29
1882.68
2391.98
1592.9
554.836
907.736
1747.88
727.25
2045.3
478.965
544.743
1540.84
925.743
1257.64
551.909
1571.72
1100.3
624.945
649.577
1854.25
1209.99
713.245
582.332
855.873
672.412
853.172
761.64
995.52
963.502
489.642
465.843
845.49
768.349
981.118
746.126
736.73
609.155
552.694
704.745
532.438
1521.14
2070.79
673.827
425.95
1129.15
1607.08
1298.62
514.085
500.804
1031.27
636.277
499.543
2322.79
2403.68
542.096
906.877
1205.13
1160.64
777.834
887.025
527.102
2480.46
498.44
853.814
947.373
1617.99
434.675
1038.92
1830.95
597.614
1268.91
862.996
863.737
556.205
653.379
528.445
693.979
1430.76
1205.59
1205.11
1960.75
2624.95
1499.28
609.826
699.201
681.088
562.37
569.014
882
591.691
1176.42
1742.63
519.434
580.617
656.77
799.966
772.504
2013.5
737.142
874.693
802.281
1830.82
2266.42
722.557
509.967
602.165
676.617
543.962
583.172
1196.13
416.495
905.583
1192.24
512.295
1200.57
873.57
474.371
1325.33
1653.02
603.364
983.02
1222.71
936.369
2122.55
898.102
1066.18
1306.66
736.004
979.393
853.225
522.762
440.922
423.602
1167.42
493.919
776.177
677.11
1235.09
458.177
436.625
509.828
716.852
863.115
718.277
475.42
605.97
820.229
710.271
491.013
457.571
576.993
798.276
473.607
621.493
2050.51
486.968
604.306
852.324
665.177
692.008
1697.85
1588.37
455.328
791.786
2192.48
475.123
484.885
1405.3
434.741
893.801
1002.31
451.085
491.695
479.447
1584.85
2014.08
844.507
440.614
1978.21
3101.08
1146.22
952.806
1298.35
501.533
766.119
605.34
897.648
2408.72
1087.24
421.884
602.994
970.96
564.415
976.77
884.43
1194.12
1318.77
603.069
440.087
453.754
1236.19
658.241
642.46
426.973
613.277
596.209
619.817
1380.07
749.112
654.461
761.54
1998.14
1151.96
515.494
649.51
521.118
1060.95
711.592
456.534
481.029
585.178
1562.32
1405.24
2325.63
1999.26
541.14
499.209
2135.26
461.18
636.142
995.226
505.25
487.556
915.894
500.911
573.284
1744.18
2804.33
1250.68
993.064
538.915
517.841
682.814
1940.29
632.737
770.063
642.306
1333.52
615.709
3986.99
1097.86
878.206
693.838
470.87
1634.08
575.256
1210.79
685.408
523.52
826.875
493.181
1307.19
1080.23
563.232
538.611
556.951
594.041
1021.55
1042.25
615.115
437.109
1629.99
1859.17
1027.9
466.434
1035.71
760.262
641.87
734.407
601.563
1101.27
516.651
832.81
616.423
460.072
980.923
604.121
497.144
755.375
1037.92
743.78
601.475
651.312
844.349
445.153
662.26
724.192
440.959
522.266
1708.11
477.406
1288.56
1049.95
1542.87
651.679
475.331
800.394
491.117
1124.35
579.622
816.514
775.577
1031.9
6133.71
1116.77
515.649
615.76
520.934
442.333
691.634
1048.17
529.721
1295.16
987.653
747.173
1189.69
743.21
484.708
1833.32
428.366
523.222
717.293
454.89
449.959
475.8
499.55
2376.5
815.958
570.239
640.414
471.003
803.931
789.33
2928.87
2480.06
1957.23
833.761
703.647
740.69
746.151
1643.34
502.492
1749.79
520.367
677.751
572.394
453.383
1024.77
2085.69
1927.28
1873.89
1140.72
660.425
521.565
1341.67
651.283
1041.99
1322.99
535.06
837.174
1586.06
949.174
1263.21
2384.36
775.801
585.015
1062.4
724.939
949.901
1118.02
780.642
506.215
494.45
498.952
824.301
551.919
451.864
514.349
1095.39
1015.44
1505.24
7978.4
1626.6
615.647
504.39
543.323
526.622
630.602
475.92
444.481
1170.37
1280.39
2289.95
890.015
688.861
543.952
894.568
1435.62
806.658
1027.21
1527.37
1455.2
523.567
838.131
639.461
843.359
1110.26
898.993
1287.53
1437.55
503.482
466.745
220.913
783.411
716.693
1241.88
505.673
659.02
568.246
2056.27
1067.82
750.427
1358.57
646.72
491.965
1072.67
545.234
1793.79
514.524
1775.15
568.87
1624.38
1113.97
1238.06
826.568
739.543
593.49
544.523
759.57
484.227
883.772
1868.12
466.606
557.891
650.865
919.628
505.411
552.408
601.893
1732.75
419.172
1215.91
759.002
756.81
473.831
712.488
2053.18
709.333
1056.01
1582.85
1057.35
1242.4
800.316
3861.16
638.072
493.145
599.752
1216.43
966.455
1090.07
470.252
482.743
1523.62
1179.82
2090.01
459.482
1658.97
849.411
941.04
524.008
403.854
2071.62
482.193
520.33
482.448
1638.71
594.255
591.871
732.219
901.974
576.115
804.563
705.72
1713.7
589.34
1360.73
716.68
380.876
1053.76
568.697
541.592
1280.42
2459.53
522.95
747.707
796.614
475.014
632.912
1460.45
875.015
212.84
670.215
522.742
744.873
481.815
1282.47
2374.87
545.438
1625.42
1202.68
636.91
1440.58
1033.87
462.934
1466.61
1005.11
525.892
855.83
1057.98
549.824
432.614
499.474
1321.3
1875.39
1284.21
480.655
459.884
739.533
1105.92
2034
665.714
822.188
512.288
2651.1
1262.05
514.764
862.28
552.392
2699.19
1660.7
1005.25
1004.8
583.983
1039.32
892.908
1188.85
687.297
2131.28
522.024
554.388
494.56
615.784
482.378
781.659
545.083
1894.13
420.943
1412.37
517.321
522.637
1209.37
1316.34
523.459
567.663
1546.53
701.191
875.356
474.224
763.37
505.087
1691.44
885.697
1199.05
595.878
718.061
607.65
596.584
881.404
752.271
1017.39
529.138
1856.32
486.65
863.494
1587.76
617.675
1404.15
1106.07
844.835
494.084
553.528
409.311
850.997
684.271
729.892
718.543
1409.01
1379.72
564.177
1071.7
1060.29
916.535
1673.03
581.148
609.742
3351.24
1984.44
1272.75
602.831
2533.59
564.773
629.78
2934.11
2032.75
560.986
1142.11
619.484
1636.24
966.729
428.734
475.775
457.623
564.218
494.276
1136.39
624.253
2577.18
688.535
981
491.242
487.419
1478.43
949.019
992.663
501.059
655.895
551.915
1769.82
974.018
561.683
555.953
566.91
594.521
889.9
1989.77
442.143
1174.92
492.398
1884.66
623.305
2047.38
689.956
489.386
1482.54
469.74
550.899
420.445
643.166
811.768
1494.28
569.163
872.935
621.899
418.693
910.097
549.046
462.282
452.268
856.604
635.999
1751.47
580.15
585.15
719.903
354.965
1101.13
712.883
403.555
470.121
652.376
517.402
1050.02
667.476
654.849
627.573
603.708
752.404
952.752
563.125
836.882
495.68
1181.56
562.596
1610.84
1071.69
486.26
511.068
831.487
749.211
514.806
1364.68
1025.43
1094.41
614.472
876.974
1164.31
2446.64
3243.75
1225.6
681.581
515.884
782.932
775.129
760.624
2145.4
805.391
1107.21
398.2
629.933
2006.25
760.976
383.52
618.188
608.292
463.469
694.047
653.908
487.523
541.686
685.245
1256.18
611.719
2006.99
1945.77
1482.31
490.686
1669
674.571
972.398
468.779
681.872
538.418
413.729
532.696
513.8
677.246
2499.39
759.505
673.596
1240
802.902
1340.44
596.42
758.425
828.987
504.999
1461.42
797.052
704.858
528.976
505.031
660.417
529.875
467.924
1166.83
921.314
1104.89
553.678
544.168
529.358
440.75
1417.99
790.54
1042
463.677
1149.12
640.95
628.516
500.625
600.732
972.475
1232.89
1693.89
648.007
569.188
562.861
641.433
547.085
453.112
1428.68
1245.35
667.318
1962.08
1373.29
755.439
591.593
605.334
1280.82
664.848
497.306
506.455
385.489
810.739
1472.67
2031.29
525.255
415.879
904.206
485.805
778.878
1351.51
488.332
520.19
2780.15
1092.43
1180.66
528.591
1532.97
839.536
770.174
535.785
2378.39
523.81
601.408
602.09
495.08
833.949
574.182
1631.51
482.22
1328.29
2023.57
508.329
655.472
2133.38
1930.52
913.495
785.591
507.182
490.619
626.831
1238.98
768.746
1209.22
1714.66
2053.14
2346.96
451.476
1466.24
547.522
929.294
2126.54
613.671
562.395
496.022
535.764
774.224
488.674
547.411
2424.44
1051.55
1418.32
1146.09
1059.92
593.146
662.75
568.285
2719.5
1925.29
588.31
1394.4
529.5
593.884
2154.34
3006.58
534.577
964.309
673.878
1104.45
1343.68
519.135
2012.48
679.909
1992.8
461.317
1192.18
551.196
674.885
2344.68
1835.12
544.147
850.376
697.679
747.908
837.785
676.207
1561.37
635.016
921.299
542.726
511.622
598.095
590.368
619.583
542.307
518.691
1573.05
500.6
1663.76
1143
507.92
695.068
1098.44
883.365
977.333
739.687
527.822
669.377
1621.19
483.197
548.861
509.099
870.352
630.396
1932.06
445.881
1236.53
615.466
459.969
920.528
1057.86
1199.57
1922.96
3132.74
546.632
470.399
688.061
523.118
827.499
2118.65
474.787
812.04
1716.04
1391.93
707.527
578.33
445.93
1402.01
2434.33
764.563
601.153
530.102
546.829
588.732
1023.6
1988.62
629.094
1636.78
815.713
593.705
670.952
634.382
1555.53
1902.97
483.411
1625.45
1504.29
1530.97
1731.8
576.818
448.486
536.511
617.201
495.727
982.778
755.842
642.966
819.991
746.107
711.1
470.977
599.539
581.458
533.782
776.881
709.186
402.305
459.693
977.375
500.594
1038.3
1865.75
656.005
1798.02
954.283
521.572
479.333
630.882
672.631
878.463
5252.69
764.902
2145.58
479.537
687.148
629.891
509.514
1339.6
653.432
620.052
651.107
877.447
565.309
1833.28
897.79
1223.19
572.483
1029.36
1031.87
920.622
1183.58
639.553
823.277
505.512
616.959
866.435
626.581
1257.81
832.463
967.799
461.425
591.548
1693.6
485.556
492.099
754.592
2098.72
1813.8
680.553
1033.97
694.409
655.659
2823.85
468.713
654.067
964.485
505.216
1658.68
741.207
312.044
4982.23
1102.65
2438.93
1103.62
1850.22
745.465
634.057
2298.33
850.842
1230.97
1051.1
1316.43
1734.39
1415.22
507.959
2500.58
1114.18
1649.39
716.109
423.346
2035.91
1944.69
594.6
648.712
1617.52
498.088
1021.09
415.596
1291.65
1165.56
1299.54
3047.14
783.413
639.512
2453.16
544.813
1358.59
559.68
469.254
1174.52
717.243
998.388
507.776
503.625
740.627
447.596
948.279
631.89
935.603
739.714
504.232
764.804
864.293
1315.32
1090.3
710.728
425.747
437.678
543.379
665.51
526.931
789.9
444.567
848.283
591.303
721.3
807.433
405.322
1119.34
561.118
474.394
715.726
822.192
509.307
1042.56
2232.48
465.749
545.438
560.814
512.172
1089.88
466.929
620.483
1736.94
570.919
2279.15
834.504
700.167
2161.15
934.914
598.882
587.406
739.322
953.219
685.937
790.75
767.199
670.146
949.61
618.428
633.674
455.104
968.977
625.835
1562.46
1220.11
430.881
900.223
557.922
506.448
1943.47
1012.74
1932.22
550.15
714.23
960.262
469.294
499.409
1171.24
2009.45
780.537
367.89
2863.13
831.5
980.397
1053.53
586.118
445.373
598.756
729.115
1560.35
487.457
516.377
2177.23
469.246
501.817
914.009
1580.27
697.475
493.936
2582.57
652.125
542.988
608.347
540.542
536.823
1307.04
782.457
787.983
449.472
922.421
510.874
544.999
737.081
1011.07
590.516
462.812
650.695
758.843
625.136
604.833
509.635
413.552
642.077
1398.1
1513.08
1302.25
1489.42
519.558
778.613
447.412
501.512
491.069
709.754
878.716
1782.41
560.863
2694.28
384.203
587.603
694.223
1762.72
590.604
699.865
805.733
618.302
673.157
1193.36
468.465
468.882
1370.08
495.004
528.737
473.924
955.776
469.775
1281.88
410.488
1771.74
557.555
542.367
535.886
1202.99
1077.25
571.339
916.535
509.7
1684
499.503
1270.79
1665.84
1695.93
669.837
668.024
844.928
2195.6
455.605
493.732
489.894
541.632
818.762
424.379
469.307
1636.01
473.96
555.926
1094.08
434.391
1423.99
506.279
896.757
728.943
971.183
608.513
853.657
605.594
491.872
506.607
579.359
844.814
438.282
472.65
541.489
374.653
624.956
443.341
1426.36
461.545
1068.78
774.864
438.434
1146.99
749.005
1884.58
634.876
1568.05
1855.24
472.9
871.109
793.814
903.917
2008.72
464.324
1834.72
807.337
1775.38
662.94
437.021
545.525
808.964
1293.11
996.278
500.712
732.231
2159.62
632.221
1529.83
884.614
1615.17
743.891
904.472
776.249
486.093
435.581
799.813
1262.44
757.936
1160.27
551.961
859.056
506.679
1303.34
493.543
616.216
1201.25
712.192
2016.42
935.326
516.434
1118.69
477.964
492.443
704.458
2503.35
700.95
733.346
1230.3
487.174
767.421
520.382
548.697
488.961
4542.71
428.706
555.614
1131.96
669.134
672.861
1506.91
1904.55
986.982
691.36
749.428
579.662
544.925
526.585
873.867
663.531
667.921
587.776
608.238
797.269
1292.93
548.031
504.752
707.301
1756.18
591.056
489.412
2325.08
478.833
568.414
656.036
1151.74
946.544
1240.27
499.218
638.043
663.985
737.721
2428.29
2046.08
568.276
1590.37
550.146
867.295
1430.39
758.87
1182.6
437.072
487.185
1325.07
488.988
574.978
2941.32
2608.15
1379.4
753.626
743.592
601.64
608.099
759.392
513.173
803.611
650.072
471.631
492.341
989.013
519.207
682.184
483.423
711.785
455.092
1070.63
810.59
716.449
543.965
2386.92
1769.25
1594.18
619.66
766.09
464.995
560.824
456.468
551.75
plan_time_all 2.26193e+06
