17.8001 -24.8 1.49012e-07 -29.5999 -29.4 4.2 
5.00014 -25.4 1.49012e-07 14.6001 4.08292e-06 1.49012e-07 
-44 -7.39999 4.2 5.60014 2.8 1.49012e-07 
-42.4 14.6 1.49012e-07 -3.99986 -7.39999 0.2 
-12.7999 -15.8 -1.8 -37.5999 -33.2001 4.2 
-51.8 -32.2 0.2 14.0001 9.4 0.2 
-11.3999 2.4 4.2 1.80014 -28.2 1.49012e-07 
-1.19986 14.8 1.49012e-07 5.80014 14.4 1.49012e-07 
-17.5999 -39.6001 0.2 -39.9999 6.6 0.2 
6.80014 13 1.49012e-07 -34.3999 -32.8 0.2 
-9.59986 -34.4001 0.2 -10.5999 12.6 0.2 
-35.3999 16.8 0.2 -39.9999 -28.4 4.2 
-0.999863 -24 4.2 -30.7999 -5 0.2 
-12.3999 -18.6 4.2 -54.2 -1.8 0.2 
