-3.19986 -23.6 0.2 -45.4 17.6 1.49012e-07 
-50.2 16.4 1.49012e-07 -39.9999 15 0.2 
-19.7999 -23.4 0.2 -2.39986 -29 4.2 
-50.6 -17.8 0.2 -4.59986 -21.6 0.2 
-39.9999 -6.19999 0.2 1.20014 -13.6 1.49012e-07 
-10.7999 13.2 0.2 -35.3999 5.4 0.2 
-8.59986 -25.6 0.2 -50 -38.4001 0.2 
-21.9999 3 4.2 18.4001 -33.8001 1.49012e-07 
-6.39986 -18.4 0.2 -50.2 -3.2 0.2 
12.8001 -8.39999 1.49012e-07 -23.9999 -27 0.2 
18.2001 6.4 0.2 -28.1999 -29.2 4.2 
9.60013 -28.2 1.49012e-07 -31.1999 15.6 0.2 
-11.9999 -23 4.2 -29.1999 -9.59999 0.2 
-20.1999 -34.2001 0.2 -34.7999 -34.2001 4.2 
21.6001 10.4 1.49012e-07 6.40014 -17.6 1.49012e-07 
-19.3999 3 4.2 -24.7999 -5.2 0.2 
-31.7999 -26.8 4.2 -37.5999 -3.8 4.2 
-8.59986 -5 4.2 -35.1999 -23.4 4.2 
-16.3999 -29.4 4.2 -3.79986 -11.8 0.2 
-34.3999 -5.79999 4.2 3.80014 1.8 1.49012e-07 
-49 -33.2001 0.2 18.2001 -16.8 1.49012e-07 
19.6001 -26.4 1.49012e-07 -7.59986 -39.4001 0.2 
9.80013 7.4 0.2 -28.5999 -25.8 4.2 
11.2001 -35.8001 1.49012e-07 10.4001 -21 1.49012e-07 
-15.9999 2.4 4.2 14.2001 -16 2.2 
21.8001 -5.79999 1.49012e-07 -2.79986 -27.2 4.2 
-5.99986 -38.4001 0.2 -12.1999 -0.799996 4.2 
-34.5999 16.6 0.2 14.0001 -6.19999 1.49012e-07 
-18.7999 -0.599996 4.2 -50.8 -17 0.2 
-3.39986 -1.8 4.2 -16.9999 -3 0.2 
-27.1999 14.2 0.2 -13.9999 -18.8 4.2 
12.8001 -32.6 1.49012e-07 -22.7999 -30 4.2 
-11.3999 -36.0001 5.4 -45 -29 4.2 
-50.2 -7.59999 0.2 -8.59986 15.2 0.2 
18.6001 12.4 1.49012e-07 -6.99986 -3.4 0.2 
-43.8 -6.79999 0.2 -21.1999 2.6 4.2 
3.00014 -36.4001 0.2 -29.9999 -13.8 0.2 
-50.2 2.4 0.2 -42.8 -24.2 4.2 
-4.99986 16.2 1.49012e-07 -42.8 14.4 1.49012e-07 
-50.2 -26.2 0.2 -13.7999 -26.2 0.2 
-2.59986 -25 4.2 -44.2 -20.8 4.2 
-27.7999 -24.2 5.4 -14.5999 -4.2 4.2 
-20.1999 15.4 0.2 -34.5999 -2 0.2 
-13.5999 -11.6 4.2 -22.7999 -17 0.2 
